-3.0	0.0	1.8
-2.9916	-0.081	1.8
-2.9916	0.081	1.8
-2.98945	0.0	1.666162
-2.985	0.0	1.92195
-2.985	0.0	1.92195
-2.981175	-0.081	1.667844
-2.981175	0.081	1.667844
-2.976687	-0.081	1.920243
-2.976687	0.081	1.920243
-2.9688	-0.144	1.8
-2.9688	0.144	1.8
-2.958713	-0.144	1.672406
-2.958713	0.144	1.672406
-2.9576	0.0	1.5348
-2.9576	0.0	1.5348
-2.954122	-0.144	1.915609
-2.954122	0.144	1.915609
-2.949693	-0.081	1.53779
-2.949693	0.081	1.53779
-2.94	0.0	2.0196
-2.9352	-0.189	1.8
-2.9352	0.189	1.8
-2.931958	0.081	2.016526
-2.931958	-0.081	2.016526
-2.92823	-0.144	1.545907
-2.92823	0.144	1.545907
-2.925611	-0.189	1.679131
-2.925611	0.189	1.679131
-2.92087	-0.189	1.908779
-2.92087	0.189	1.908779
-2.910131	-0.144	2.008181
-2.910131	0.144	2.008181
-2.90415	0.0	1.406137
-2.90415	0.0	1.406137
-2.896846	0.081	1.410135
-2.896846	-0.081	1.410135
-2.896602	-0.189	1.557869
-2.896602	0.189	1.557869
-2.8944	-0.216	1.8
-2.8944	0.216	1.8
-2.885416	-0.216	1.687296
-2.885416	0.216	1.687296
-2.880491	-0.216	1.900487
-2.880491	0.216	1.900487
-2.877965	-0.189	1.995883
-2.877965	0.189	1.995883
-2.877022	-0.144	1.420985
-2.877022	0.144	1.420985
-2.865	0.0	2.09565
-2.858195	0.216	1.572394
-2.858195	-0.216	1.572394
-2.857432	-0.081	2.091511
-2.857432	0.081	2.091511
-2.85	-0.225	1.8
-2.85	0.225	1.8
-2.847806	0.189	1.436974
-2.847806	-0.189	1.436974
-2.841675	0.225	1.696181
-2.841675	-0.225	1.696181
-2.838906	-0.216	1.98095
-2.838906	0.216	1.98095
-2.836889	-0.144	2.080276
-2.836889	0.144	2.080276
-2.83655	-0.225	1.891463
-2.83655	0.225	1.891463
-2.8288	0.0	1.2804
-2.822326	-0.081	1.285171
-2.822326	0.081	1.285171
-2.8164	-0.225	1.5882
-2.8164	0.225	1.5882
-2.812331	0.216	1.45639
-2.812331	-0.216	1.45639
-2.806615	-0.189	2.06372
-2.806615	0.189	2.06372
-2.8056	-0.216	1.8
-2.8056	0.216	1.8
-2.804755	-0.144	1.298122
-2.804755	0.144	1.298122
-2.797934	-0.216	1.705067
-2.797934	0.216	1.705067
-2.7964	0.225	1.9647
-2.7964	-0.225	1.9647
-2.792609	-0.216	1.882438
-2.792609	0.216	1.882438
-2.778861	-0.189	1.317206
-2.778861	0.189	1.317206
-2.774605	0.216	1.604006
-2.774605	-0.216	1.604006
-2.773725	0.225	1.477519
-2.773725	-0.225	1.477519
-2.769854	-0.216	2.043616
-2.769854	0.216	2.043616
-2.7648	-0.189	1.8
-2.7648	0.189	1.8
-2.76	0.0	2.1528
-2.76	0.0	2.1528
-2.757739	-0.189	1.713232
-2.757739	0.189	1.713232
-2.753894	-0.216	1.94845
-2.753894	0.216	1.94845
-2.753123	-0.081	2.147861
-2.753123	0.081	2.147861
-2.75223	-0.189	1.874146
-2.75223	0.189	1.874146
-2.747418	-0.216	1.340381
-2.747418	0.216	1.340381
-2.736198	-0.189	1.618531
-2.736198	0.189	1.618531
-2.735119	0.216	1.498648
-2.735119	-0.216	1.498648
-2.734458	-0.144	2.134454
-2.734458	0.144	2.134454
-2.73125	0.0	1.157813
-2.73125	0.0	1.157813
-2.7312	-0.144	1.8
-2.7312	0.144	1.8
-2.72985	-0.225	2.021737
-2.72985	0.225	2.021737
-2.725825	0.081	1.163194
-2.725825	-0.081	1.163194
-2.724637	-0.144	1.719956
-2.724637	0.144	1.719956
-2.718978	-0.144	1.867316
-2.718978	0.144	1.867316
-2.714835	-0.189	1.933517
-2.714835	0.189	1.933517
-2.7132	-0.225	1.3656
-2.7132	0.225	1.3656
-2.7111	-0.144	1.1778
-2.7111	0.144	1.1778
-2.7084	-0.081	1.8
-2.7084	0.081	1.8
-2.70695	-0.189	2.114698
-2.70695	0.189	2.114698
-2.70457	-0.144	1.630493
-2.70457	0.144	1.630493
-2.702175	-0.081	1.724519
-2.702175	0.081	1.724519
-2.7	0.0	1.8
-2.699644	0.189	1.518063
-2.699644	-0.189	1.518063
-2.696413	-0.081	1.862682
-2.696413	0.081	1.862682
-2.6939	0.0	1.7262
-2.689846	-0.216	1.999859
-2.689846	0.216	1.999859
-2.6894	-0.189	1.199325
-2.6894	0.189	1.199325
-2.6881	0.0	1.860975
-2.6881	0.0	1.860975
-2.683107	-0.081	1.63861
-2.683107	0.081	1.63861
-2.682669	-0.144	1.921219
-2.682669	0.144	1.921219
-2.678982	-0.216	1.390819
-2.678982	0.216	1.390819
-2.6752	0.0	1.6416
-2.6752	0.0	1.6416
-2.673549	-0.216	2.090707
-2.673549	0.216	2.090707
-2.670428	-0.144	1.534053
-2.670428	0.144	1.534053
-2.66305	-0.216	1.225463
-2.66305	0.216	1.225463
-2.660842	0.081	1.912874
-2.660842	-0.081	1.912874
-2.653085	-0.189	1.979755
-2.653085	0.189	1.979755
-2.6528	0.0	1.9098
-2.6528	0.0	1.9098
-2.650604	0.081	1.544903
-2.650604	-0.081	1.544903
-2.647539	-0.189	1.413994
-2.647539	0.189	1.413994
-2.6433	0.0	1.5489
-2.6372	-0.225	2.0646
-2.6372	0.225	2.0646
-2.634375	0.225	1.253906
-2.634375	-0.225	1.253906
-2.625	0.0	2.19375
-2.622811	-0.144	1.963199
-2.622811	0.144	1.963199
-2.621645	-0.144	1.433078
-2.621645	0.144	1.433078
-2.61905	-0.081	2.188238
-2.61905	0.081	2.188238
-2.6112	0.0	1.0386
-2.6112	0.0	1.0386
-2.607034	0.081	1.044497
-2.607034	-0.081	1.044497
-2.6057	-0.216	1.28235
-2.6057	0.216	1.28235
-2.604074	-0.081	1.446029
-2.604074	0.081	1.446029
-2.6029	-0.144	2.173275
-2.6029	0.144	2.173275
-2.602268	-0.081	1.951964
-2.602268	0.081	1.951964
-2.600851	-0.216	2.038493
-2.600851	0.216	2.038493
-2.5976	0.0	1.4508
-2.595725	-0.144	1.060502
-2.595725	0.144	1.060502
-2.5947	0.0	1.947825
-2.57935	-0.189	1.308488
-2.57935	0.189	1.308488
-2.5791	-0.189	2.151225
-2.5791	0.189	2.151225
-2.579059	-0.189	1.08409
-2.579059	0.189	1.08409
-2.56745	-0.189	2.014502
-2.56745	0.189	2.014502
-2.558822	0.216	1.112731
-2.558822	-0.216	1.112731
-2.55765	-0.144	1.330013
-2.55765	0.144	1.330013
-2.5502	-0.216	2.12445
-2.5502	0.216	2.12445
-2.542925	0.081	1.344619
-2.542925	-0.081	1.344619
-2.539942	-0.144	1.994746
-2.539942	0.144	1.994746
-2.5375	0.0	1.35
-2.5375	0.0	1.35
-2.5368	0.225	1.1439
-2.5368	-0.225	1.1439
-2.521277	-0.081	1.981339
-2.521277	0.081	1.981339
-2.51875	-0.225	2.095312
-2.51875	0.225	2.095312
-2.514778	0.216	1.175069
-2.514778	-0.216	1.175069
-2.5144	0.0	1.9764
-2.5144	0.0	1.9764
-2.494541	-0.189	1.20371
-2.494541	0.189	1.20371
-2.4873	-0.216	2.066175
-2.4873	0.216	2.066175
-2.477875	-0.144	1.227298
-2.477875	0.144	1.227298
-2.46835	0.0	0.922987
-2.466566	0.081	1.243303
-2.466566	-0.081	1.243303
-2.465644	-0.081	0.929375
-2.465644	0.081	0.929375
-2.4624	0.0	1.2492
-2.4624	0.0	1.2492
-2.46	0.0	2.2212
-2.46	0.0	2.2212
-2.4584	-0.189	2.0394
-2.4584	0.189	2.0394
-2.458298	-0.144	0.946711
-2.458298	0.144	0.946711
-2.455229	-0.081	2.215303
-2.455229	0.081	2.215303
-2.447474	0.189	0.97226
-2.447474	-0.189	0.97226
-2.442278	-0.144	2.199298
-2.442278	0.144	2.199298
-2.4346	-0.144	2.01735
-2.4346	0.144	2.01735
-2.434329	-0.216	1.003283
-2.434329	0.216	1.003283
-2.423194	-0.189	2.17571
-2.423194	0.189	2.17571
-2.420025	-0.225	1.037044
-2.420025	0.225	1.037044
-2.41845	-0.081	2.002387
-2.41845	0.081	2.002388
-2.4125	0.0	1.996875
-2.4125	0.0	1.996875
-2.405721	-0.216	1.070804
-2.405721	0.216	1.070804
-2.400019	-0.216	2.147069
-2.400019	0.216	2.147069
-2.392576	-0.189	1.101828
-2.392576	0.189	1.101828
-2.381752	-0.144	1.127376
-2.381752	0.144	1.127376
-2.3748	-0.225	2.1159
-2.3748	0.225	2.1159
-2.374406	0.081	1.144713
-2.374406	-0.081	1.144713
-2.3717	0.0	1.1511
-2.349581	-0.216	2.084731
-2.349581	0.216	2.084731
-2.326406	-0.189	2.05609
-2.326406	0.189	2.05609
-2.307322	-0.144	2.032502
-2.307322	0.144	2.032502
-2.3024	0.0	0.8112
-2.3024	0.0	0.8112
-2.301347	0.081	0.818122
-2.301347	-0.081	0.818122
-2.29849	0.144	0.836909
-2.29849	-0.144	0.836909
-2.294371	-0.081	2.016497
-2.294371	0.081	2.016497
-2.294278	0.189	0.864595
-2.294278	-0.189	0.864595
-2.2896	0.0	2.0106
-2.2896	0.0	2.0106
-2.289165	0.216	0.898214
-2.289165	-0.216	0.898214
-2.2836	0.225	0.9348
-2.2836	-0.225	0.9348
-2.278035	0.216	0.971386
-2.278035	-0.216	0.971386
-2.272922	0.189	1.005005
-2.272922	-0.189	1.005005
-2.26871	-0.144	1.032691
-2.26871	0.144	1.032691
-2.265853	0.081	1.051478
-2.265853	-0.081	1.051478
-2.265	0.0	2.23785
-2.2648	0.0	1.0584
-2.2648	0.0	1.0584
-2.261676	-0.081	2.23172
-2.261676	0.081	2.23172
-2.252655	-0.144	2.215082
-2.252655	0.144	2.215082
-2.239361	-0.189	2.190562
-2.239361	0.189	2.190562
-2.223218	-0.216	2.160788
-2.223218	0.216	2.160788
-2.20565	0.225	2.128387
-2.20565	-0.225	2.128388
-2.188082	-0.216	2.095987
-2.188082	0.216	2.095987
-2.171939	-0.189	2.066213
-2.171939	0.189	2.066213
-2.158645	-0.144	2.041693
-2.158645	0.144	2.041693
-2.149624	-0.081	2.025055
-2.149624	0.081	2.025055
-2.1463	0.0	2.018925
-2.1411	0.0	0.9738
-2.1411	0.0	0.9738
-2.140315	0.081	0.966231
-2.140315	-0.081	0.966231
-2.138183	0.144	0.945685
-2.138183	-0.144	0.945685
-2.135041	0.189	0.915407
-2.135041	-0.189	0.915407
-2.131226	0.216	0.878641
-2.131226	-0.216	0.878641
-2.127075	0.225	0.838631
-2.127075	-0.225	0.838631
-2.122924	0.216	0.798621
-2.122924	-0.216	0.798621
-2.119109	0.189	0.761855
-2.119109	-0.189	0.761855
-2.115967	0.144	0.731578
-2.115967	-0.144	0.731578
-2.113835	0.081	0.711032
-2.113835	-0.081	0.711032
-2.11305	0.0	0.703463
-2.11305	0.0	0.703463
-2.04	0.0	2.2464
-2.04	0.0	2.2464
-2.03841	-0.081	2.24015
-2.03841	0.081	2.24015
-2.034093	-0.144	2.223187
-2.034093	0.144	2.223187
-2.027731	-0.189	2.198189
-2.027731	0.189	2.198189
-2.020006	0.216	2.167834
-2.020006	-0.216	2.167834
-2.0116	0.225	2.1348
-2.0116	-0.225	2.1348
-2.003194	0.216	2.101766
-2.003194	-0.216	2.101766
-2.0	0.0	0.9
-2.0	0.0	0.9
-2.0	0.0	0.9
-1.9972	0.081	0.8916
-1.9972	-0.081	0.8916
-1.995469	-0.189	2.071411
-1.995469	0.189	2.071411
-1.99275	-0.0	1.037175
-1.99275	0.0	1.037175
-1.9896	0.144	0.8688
-1.9896	-0.144	0.8688
-1.989107	0.144	2.046413
-1.989107	-0.144	2.046413
-1.986	0.0	0.771675
-1.986	0.0	0.771675
-1.98479	-0.081	2.02945
-1.98479	0.081	2.02945
-1.9832	0.0	2.0232
-1.9832	0.0	2.0232
-1.9784	0.189	0.8352
-1.9784	-0.189	0.8352
-1.97424	-0.32816	0.9
-1.97424	-0.32816	0.9
-1.97424	0.32816	0.9
-1.972	-0.0	1.1784
-1.972	0.0	1.1784
-1.967083	-0.32697	1.037175
-1.967083	0.32697	1.037175
-1.9648	0.216	0.7944
-1.9648	-0.216	0.7944
-1.96042	-0.325863	0.771675
-1.96042	0.325863	0.771675
-1.95	-0.225	0.75
-1.95	0.225	0.75
-1.948	0.0	0.6564
-1.948	0.0	0.6564
-1.946601	-0.323566	1.1784
-1.946601	0.323566	1.1784
-1.93925	0.0	1.323225
-1.93925	0.0	1.323225
-1.9352	0.216	0.7056
-1.9352	-0.216	0.7056
-1.92291	-0.319628	0.6564
-1.92291	0.319628	0.6564
-1.9216	0.189	0.6648
-1.9216	-0.189	0.6648
-1.914272	-0.318192	1.323225
-1.914272	0.318192	1.323225
-1.9104	0.144	0.6312
-1.9104	-0.144	0.6312
-1.9028	0.081	0.6084
-1.9028	-0.081	0.6084
-1.9	0.0	0.6
-1.9	0.0	0.6
-1.89952	-0.63808	0.9
-1.89952	-0.63808	0.9
-1.89952	0.63808	0.9
-1.89952	0.63808	0.9
-1.896	0.0	1.4712
-1.896	0.0	1.4712
-1.892634	-0.635767	1.037175
-1.892634	0.635767	1.037175
-1.892	0.0	0.553725
-1.892	0.0	0.553725
-1.886223	-0.633613	0.771675
-1.886223	0.633613	0.771675
-1.872927	-0.629147	1.1784
-1.872927	0.629147	1.1784
-1.87158	-0.311096	1.4712
-1.87158	0.311096	1.4712
-1.867631	-0.310439	0.553725
-1.867631	0.310439	0.553725
-1.850132	-0.62149	0.6564
-1.850132	0.62149	0.6564
-1.84375	0.0	1.621875
-1.84375	0.0	1.621875
-1.841822	-0.618698	1.323225
-1.841822	0.618698	1.323225
-1.824	-0.0	0.4632
-1.824	0.0	0.4632
-1.820003	-0.302522	1.621875
-1.820003	0.302523	1.621875
-1.8009	0.0	2.024775
-1.800745	-0.6049	1.4712
-1.800745	0.6049	1.4712
-1.800507	-0.299282	0.4632
-1.800507	0.299282	0.4632
-1.800455	-0.081	2.031069
-1.800455	0.081	2.031069
-1.799246	-0.144	2.048152
-1.799246	0.144	2.048152
-1.797466	-0.189	2.073326
-1.797466	0.189	2.073326
-1.796946	-0.603624	0.553725
-1.796946	0.603624	0.553725
-1.795303	-0.216	2.103896
-1.795303	0.216	2.103896
-1.79295	-0.225	2.137163
-1.79295	0.225	2.137163
-1.790597	-0.216	2.170429
-1.790597	0.216	2.170429
-1.788434	-0.189	2.200999
-1.788434	0.189	2.200999
-1.786654	-0.144	2.226173
-1.786654	0.144	2.226173
-1.785445	-0.081	2.243256
-1.785445	0.081	2.243256
-1.785	0.0	2.24955
-1.784	-0.0	1.7748
-1.784	0.0	1.7748
-1.77968	-0.92592	0.9
-1.77968	-0.92592	0.9
-1.77968	0.92592	0.9
-1.77968	0.92592	0.9
-1.773229	-0.922564	1.037175
-1.773229	0.922564	1.037175
-1.767222	-0.919439	0.771675
-1.767222	0.919439	0.771675
-1.761022	-0.292719	1.7748
-1.761022	0.292719	1.7748
-1.754764	-0.912957	1.1784
-1.754764	0.912957	1.1784
-1.75112	-0.58823	1.621875
-1.75112	0.58823	1.621875
-1.75	-0.0	0.384375
-1.75	0.0	0.384375
-1.733408	-0.901846	0.6564
-1.733408	0.901846	0.6564
-1.732362	-0.581929	0.4632
-1.732362	0.581929	0.4632
-1.72746	-0.28714	0.384375
-1.72746	0.28714	0.384375
-1.725622	-0.897795	1.323225
-1.725622	0.897795	1.323225
-1.71825	-0.0	1.929525
-1.71825	0.0	1.929525
-1.696119	-0.28193	1.929525
-1.696119	0.28193	1.929525
-1.694372	-0.569167	1.7748
-1.694372	0.569167	1.7748
-1.687137	-0.877772	1.4712
-1.687137	0.877772	1.4712
-1.683577	-0.87592	0.553725
-1.683577	0.87592	0.553725
-1.676	0.0	0.3168
-1.676	0.0	0.3168
-1.66208	-0.55832	0.384375
-1.66208	0.55832	0.384375
-1.654413	-0.274998	0.3168
-1.654413	0.274998	0.3168
-1.648	0.0	2.0856
-1.648	0.0	2.0856
-1.640643	-0.853583	1.621875
-1.640643	0.853583	1.621875
-1.631925	-0.54819	1.929525
-1.631925	0.54819	1.929525
-1.626774	-0.270404	2.0856
-1.626774	0.270404	2.0856
-1.623068	-0.844439	0.4632
-1.623068	0.844439	0.4632
-1.61856	-1.18784	0.9
-1.61856	-1.18784	0.9
-1.61856	1.18784	0.9
-1.61856	1.18784	0.9
-1.612693	-1.183534	1.037175
-1.612693	1.183534	1.037175
-1.608	-0.0	0.260025
-1.608	0.0	0.260025
-1.60723	-1.179525	0.771675
-1.60723	1.179525	0.771675
-1.6	0.0	2.025
-1.5972	-0.081	2.0313
-1.5972	0.081	2.0313
-1.5959	-1.17121	1.1784
-1.5959	1.17121	1.1784
-1.591798	-0.534711	0.3168
-1.591798	0.534711	0.3168
-1.5896	-0.144	2.0484
-1.5896	0.144	2.0484
-1.587475	-0.825921	1.7748
-1.587475	0.825921	1.7748
-1.587289	0.263841	0.260025
-1.587289	-0.263841	0.260025
-1.5784	-0.189	2.0736
-1.5784	0.189	2.0736
-1.576477	-1.156956	0.6564
-1.576477	1.156956	0.6564
-1.57475	0.0	2.242575
-1.57475	0.0	2.242575
-1.569396	-1.151759	1.323225
-1.569396	1.151759	1.323225
-1.565204	-0.525778	2.0856
-1.565204	0.525778	2.0856
-1.5648	-0.216	2.1042
-1.5648	0.216	2.1042
-1.55722	-0.81018	0.384375
-1.55722	0.81018	0.384375
-1.554467	-0.258385	2.242575
-1.554467	0.258385	2.242575
-1.552	0.0	0.2136
-1.552	0.0	0.2136
-1.55	-0.225	2.1375
-1.55	0.225	2.1375
-1.5352	-0.216	2.1708
-1.5352	0.216	2.1708
-1.534395	-1.126072	1.4712
-1.534395	1.126072	1.4712
-1.53201	0.254652	0.2136
-1.53201	-0.254652	0.2136
-1.531158	-1.123697	0.553725
-1.531158	1.123697	0.553725
-1.528968	-0.795481	1.929525
-1.528968	0.795481	1.929525
-1.527214	-0.513016	0.260025
-1.527214	0.513016	0.260025
-1.5216	-0.189	2.2014
-1.5216	0.189	2.2014
-1.514	0.0	0.177075
-1.514	0.0	0.177075
-1.5104	-0.144	2.2266
-1.5104	0.144	2.2266
-1.5028	-0.081	2.2437
-1.5028	0.081	2.2437
-1.5	0.0	2.4
-1.5	0.0	0.15
-1.5	0.0	2.25
-1.5	0.0	2.4
-1.5	0.0	0.15
-1.496475	-0.0	0.127575
-1.496475	0.0	0.127575
-1.495635	-0.502408	2.242575
-1.495635	0.502408	2.242575
-1.4945	0.248417	0.177075
-1.4945	-0.248417	0.177075
-1.49211	-1.09504	1.621875
-1.49211	1.09504	1.621875
-1.491372	-0.775921	0.3168
-1.491372	0.775921	0.3168
-1.4808	0.0	0.1056
-1.4808	-0.0	0.1056
-1.48068	-0.24612	2.4
-1.48068	0.24612	0.15
-1.48068	0.24612	2.4
-1.48068	-0.24612	0.15
-1.48068	-0.24612	0.15
-1.48068	0.24612	0.15
-1.480325	0.0	2.435437
-1.480325	0.0	2.435437
-1.4772	0.245542	0.127575
-1.4772	-0.245542	0.127575
-1.476127	-1.08331	0.4632
-1.476127	1.08331	0.4632
-1.474028	0.49515	0.2136
-1.474028	-0.49515	0.2136
-1.466456	-0.762958	2.0856
-1.466456	0.762958	2.0856
-1.461727	-0.24297	0.1056
-1.461727	0.24297	0.1056
-1.461258	-0.242892	2.435437
-1.461258	0.242892	2.435437
-1.4596	0.0	2.463
-1.4596	0.0	2.463
-1.445325	0.0	0.084525
-1.445325	0.0	0.084525
-1.443756	-1.059553	1.7748
-1.443756	1.059553	1.7748
-1.4408	-0.239491	2.463
-1.4408	0.239491	2.463
-1.439025	0.0	2.482687
-1.437937	0.483027	0.177075
-1.437937	-0.483027	0.177075
-1.430863	0.74444	0.260025
-1.430863	-0.74444	0.260025
-1.426709	-0.237149	0.084525
-1.426709	0.237149	0.084525
-1.42464	-0.47856	2.4
-1.42464	-0.47856	0.15
-1.42464	-0.47856	0.15
-1.42464	0.47856	0.15
-1.42464	0.47856	0.15
-1.42464	0.47856	2.4
-1.421292	0.477435	0.127575
-1.421292	-0.477435	0.127575
-1.42049	-0.236115	2.482687
-1.42049	0.236115	2.482687
-1.42	-1.42	0.9
-1.42	-1.42	0.9
-1.42	1.42	0.9
-1.42	1.42	0.9
-1.4198	0.0	2.4945
-1.4198	0.0	2.4945
-1.41624	-1.03936	0.384375
-1.41624	1.03936	0.384375
-1.414853	-1.414853	1.037175
-1.414853	1.414853	1.037175
-1.41006	-1.41006	0.771675
-1.41006	1.41006	0.771675
-1.406405	-0.472434	0.1056
-1.406405	0.472434	0.1056
-1.405953	-0.472283	2.435437
-1.405953	0.472283	2.435437
-1.403125	0.0	2.498438
-1.403125	0.0	2.498438
-1.401513	-0.232961	2.4945
-1.401513	0.232961	2.4945
-1.401276	-0.729046	2.242575
-1.401276	0.729046	2.242575
-1.40012	-1.40012	1.1784
-1.40012	1.40012	1.1784
-1.4	0.0	2.4
-1.4	0.0	2.4
-1.390545	-1.020503	1.929525
-1.390545	1.020503	1.929525
-1.3902	0.0	2.4945
-1.3902	0.0	2.4945
-1.38627	-0.465671	2.463
-1.38627	0.465671	2.463
-1.385925	0.0	2.435437
-1.385925	0.0	2.435437
-1.385053	-0.230225	2.498438
-1.385053	0.230225	2.498438
-1.38308	-1.38308	0.6564
-1.38308	1.38308	0.6564
-1.3824	-0.0	0.0648
-1.3824	0.0	0.0648
-1.382225	-0.0	2.482687
-1.382225	0.0	2.482687
-1.381968	-0.229712	2.4
-1.381968	0.229712	2.4
-1.381032	0.718514	0.2136
-1.381032	-0.718514	0.2136
-1.3804	0.0	2.463
-1.3804	0.0	2.463
-1.376868	-1.376867	1.323225
-1.376867	1.376868	1.323225
-1.372712	-0.461116	0.084525
-1.372712	0.461116	0.084525
-1.372294	-0.228104	2.4945
-1.372294	0.228104	2.4945
-1.368074	-0.227403	2.435437
-1.368074	0.227403	2.435437
-1.366728	-0.459107	2.482687
-1.366728	0.459107	2.482687
-1.364595	-0.226824	0.0648
-1.364595	0.226824	0.0648
-1.364422	-0.226795	2.482687
-1.364422	0.226795	2.482687
-1.36262	-0.226496	2.463
-1.36262	0.226496	2.463
-1.356353	-0.99541	0.3168
-1.356353	0.99541	0.3168
-1.348469	-0.452973	2.4945
-1.348469	0.452973	2.4945
-1.347218	0.700921	0.177075
-1.347218	-0.700921	0.177075
-1.34616	-1.34616	1.4712
-1.34616	1.34616	1.4712
-1.34332	-1.34332	0.553725
-1.34332	1.34332	0.553725
-1.33476	-0.69444	2.4
-1.33476	-0.69444	0.15
-1.33476	0.69444	0.15
-1.33476	0.69444	0.15
-1.33476	0.69444	2.4
-1.33476	-0.69444	0.15
-1.333693	-0.97878	2.0856
-1.333693	0.97878	2.0856
-1.332632	-0.447653	2.498438
-1.332632	0.447653	2.498438
-1.331623	0.692808	0.127575
-1.331623	-0.692808	0.127575
-1.329664	-0.446656	2.4
-1.329664	0.446656	2.4
-1.320356	-0.443529	2.4945
-1.320356	0.443529	2.4945
-1.317675	-0.685551	0.1056
-1.317675	0.685551	0.1056
-1.317252	-0.685331	2.435437
-1.317252	0.685331	2.435437
-1.316296	-0.442166	2.435437
-1.316296	0.442166	2.435437
-1.312948	0.441041	0.0648
-1.312948	-0.441041	0.0648
-1.312782	-0.440985	2.482687
-1.312782	0.440985	2.482687
-1.311049	-0.440403	2.463
-1.311049	0.440403	2.463
-1.309063	-1.309063	1.621875
-1.309063	1.309063	1.621875
-1.301322	0.955023	0.260025
-1.301322	-0.955023	0.260025
-1.3	0.0	2.4
-1.3	0.0	2.4
-1.29881	-0.675736	2.463
-1.29881	0.675736	2.463
-1.29504	-1.29504	0.4632
-1.29504	1.29504	0.4632
-1.286108	-0.669128	0.084525
-1.286108	0.669128	0.084525
-1.284375	0.0	0.046875
-1.284375	0.0	0.046875
-1.283256	-0.213304	2.4
-1.283256	0.213304	2.4
-1.280502	-0.666211	2.482687
-1.280502	0.666211	2.482687
-1.2746	0.0	2.4408
-1.2746	0.0	2.4408
-1.274414	-0.935276	2.242575
-1.274414	0.935276	2.242575
-1.267832	-0.21074	0.046875
-1.267832	0.21074	0.046875
-1.26664	-1.26664	1.7748
-1.26664	1.26664	1.7748
-1.263395	-0.657311	2.4945
-1.263395	0.657311	2.4945
-1.258183	0.209136	2.4408
-1.258183	-0.209136	2.4408
-1.256003	0.921764	0.2136
-1.256003	-0.921764	0.2136
-1.248557	-0.649591	2.498438
-1.248557	0.649591	2.498438
-1.245776	-0.648144	2.4
-1.245776	0.648144	2.4
-1.2425	-1.2425	0.384375
-1.2425	1.2425	0.384375
-1.237056	-0.643607	2.4945
-1.237056	0.643607	2.4945
-1.234688	-0.414752	2.4
-1.234688	0.414752	2.4
-1.233252	-0.641628	2.435437
-1.233252	0.641628	2.435437
-1.230115	-0.639996	0.0648
-1.230115	0.639996	0.0648
-1.229959	-0.639915	2.482687
-1.229959	0.639915	2.482687
-1.228335	-0.63907	2.463
-1.228335	0.63907	2.463
-1.22525	0.899195	0.177075
-1.22525	-0.899195	0.177075
-1.219958	1.219958	1.929525
-1.219958	-1.219958	1.929525
-1.219848	-0.409767	0.046875
-1.219848	0.409767	0.046875
-1.21392	-0.89088	2.4
-1.21392	-0.89088	0.15
-1.21392	-0.89088	0.15
-1.21392	0.89088	0.15
-1.21392	0.89088	0.15
-1.21392	0.89088	2.4
-1.211067	0.888786	0.127575
-1.211067	-0.888786	0.127575
-1.210564	0.406648	2.4408
-1.210564	-0.406648	2.4408
-1.2048	0.0	2.4744
-1.2048	0.0	2.4744
-1.198382	-0.879477	0.1056
-1.198382	0.879477	0.1056
-1.197997	-0.879195	2.435437
-1.197997	0.879195	2.435437
-1.18996	-1.18996	0.3168
-1.18996	1.18996	0.3168
-1.189282	-0.197684	2.4744
-1.189282	0.197684	2.4744
-1.18784	-1.61856	0.9
-1.18784	-1.61856	0.9
-1.18784	1.61856	0.9
-1.18784	1.61856	0.9
-1.183534	-1.612693	1.037175
-1.183534	1.612693	1.037175
-1.181225	-0.866886	2.463
-1.181225	0.866886	2.463
-1.179525	-1.60723	0.771675
-1.179525	1.60723	0.771675
-1.17121	-1.5959	1.1784
-1.17121	1.5959	1.1784
-1.17008	-1.17008	2.0856
-1.17008	1.17008	2.0856
-1.169673	-0.858407	0.084525
-1.169673	0.858407	0.084525
-1.164574	-0.854666	2.482687
-1.164574	0.854666	2.482687
-1.156956	-1.576477	0.6564
-1.156956	1.576477	0.6564
-1.156792	-0.601848	2.4
-1.156792	0.601848	2.4
-1.151759	-1.569396	1.323225
-1.151759	1.569396	1.323225
-1.149016	-0.843248	2.4945
-1.149016	0.843248	2.4945
-1.144271	-0.384379	2.4744
-1.144271	0.384379	2.4744
-1.1436	0.0	0.0312
-1.1436	0.0	0.0312
-1.142888	-0.594614	0.046875
-1.142888	0.594614	0.046875
-1.14168	1.14168	0.260025
-1.14168	-1.14168	0.260025
-1.135521	-0.833344	2.498438
-1.135521	0.833344	2.498438
-1.13419	0.590089	2.4408
-1.13419	-0.590089	2.4408
-1.132992	-0.831488	2.4
-1.132992	0.831488	2.4
-1.12887	-0.187642	0.0312
-1.12887	0.187642	0.0312
-1.126072	-1.534395	1.4712
-1.126072	1.534395	1.4712
-1.125061	-0.825668	2.4945
-1.125061	0.825668	2.4945
-1.123697	-1.531158	0.553725
-1.123697	1.531158	0.553725
-1.121601	-0.823129	2.435437
-1.121601	0.823129	2.435437
-1.118749	-0.821035	0.0648
-1.118749	0.821035	0.0648
-1.118607	-0.820931	2.482687
-1.118607	0.820931	2.482687
-1.118073	-1.118073	2.242575
-1.118073	1.118073	2.242575
-1.11713	-0.819847	2.463
-1.11713	0.819847	2.463
-1.10192	1.10192	0.2136
-1.10192	-1.10192	0.2136
-1.1002	0.0	2.5026
-1.1002	0.0	2.5026
-1.09504	-1.49211	1.621875
-1.09504	1.49211	1.621875
-1.086146	0.364854	0.0312
-1.086146	-0.364854	0.0312
-1.086029	0.180521	2.5026
-1.086029	-0.180521	2.5026
-1.08331	-1.476127	0.4632
-1.08331	1.476127	0.4632
-1.07494	-1.07494	0.177075
-1.07494	1.07494	0.177075
-1.072079	-0.557774	2.4744
-1.072079	0.557774	2.4744
-1.065	-1.065	2.4
-1.065	-1.065	0.15
-1.065	1.065	0.15
-1.065	1.065	2.4
-1.062497	1.062497	0.127575
-1.062497	-1.062497	0.127575
-1.059553	-1.443756	1.7748
-1.059553	1.443756	1.7748
-1.052064	-0.772096	2.4
-1.052064	0.772096	2.4
-1.051368	-1.051368	0.1056
-1.051368	1.051368	0.1056
-1.051031	-1.051031	2.435437
-1.051031	1.051031	2.435437
-1.044926	-0.351008	2.5026
-1.044926	0.351008	2.5026
-1.039419	-0.762816	0.046875
-1.039419	0.762816	0.046875
-1.03936	-1.41624	0.384375
-1.03936	1.41624	0.384375
-1.036316	-1.036316	2.463
-1.036316	1.036316	2.463
-1.031508	0.75701	2.4408
-1.031508	-0.75701	2.4408
-1.026181	-1.026181	0.084525
-1.026181	1.026181	0.084525
-1.021708	-1.021708	2.482687
-1.021708	1.021708	2.482687
-1.020503	-1.390545	1.929525
-1.020503	1.390545	1.929525
-1.017621	0.529441	0.0312
-1.017621	-0.529441	0.0312
-1.008058	-1.008058	2.4945
-1.008058	1.008058	2.4945
-0.996219	-0.996219	2.498438
-0.996219	0.996219	2.498438
-0.99541	-1.356353	0.3168
-0.99541	1.356353	0.3168
-0.994	-0.994	2.4
-0.994	0.994	2.4
-0.987042	-0.987042	2.4945
-0.987042	0.987042	2.4945
-0.984007	-0.984007	2.435437
-0.984007	0.984007	2.435437
-0.981504	0.981504	0.0648
-0.981504	-0.981504	0.0648
-0.98138	-0.98138	2.482687
-0.98138	0.98138	2.482687
-0.980084	-0.980084	2.463
-0.980084	0.980084	2.463
-0.979002	0.509349	2.5026
-0.979002	-0.509349	2.5026
-0.97878	-1.333693	2.0856
-0.97878	1.333693	2.0856
-0.975021	-0.715555	2.4744
-0.975021	0.715555	2.4744
-0.9704	0.0	2.5272
-0.9704	0.0	2.5272
-0.957901	-0.159223	2.5272
-0.957901	0.159223	2.5272
-0.955023	1.301322	0.260025
-0.955023	-1.301322	0.260025
-0.952425	-0.0	0.018225
-0.952425	0.0	0.018225
-0.940158	0.156274	0.018225
-0.940158	-0.156274	0.018225
-0.935276	-1.274414	2.242575
-0.935276	1.274414	2.242575
-0.92592	-1.77968	0.9
-0.92592	1.77968	0.9
-0.92592	1.77968	0.9
-0.92592	-1.77968	0.9
-0.925493	0.679207	0.0312
-0.925493	-0.679207	0.0312
-0.923	-0.923	2.4
-0.923	0.923	2.4
-0.922564	1.773229	1.037175
-0.922564	-1.773229	1.037175
-0.921764	1.256003	0.2136
-0.921764	-1.256003	0.2136
-0.921647	-0.309596	2.5272
-0.921647	0.309596	2.5272
-0.919439	-1.767222	0.771675
-0.919439	1.767222	0.771675
-0.912957	-1.754764	1.1784
-0.912957	1.754764	1.1784
-0.911906	-0.911906	0.046875
-0.911906	0.911906	0.046875
-0.904966	0.904966	2.4408
-0.904966	-0.904966	2.4408
-0.904575	0.303862	0.018225
-0.904575	-0.303862	0.018225
-0.901846	-1.733408	0.6564
-0.901846	1.733408	0.6564
-0.899195	1.22525	0.177075
-0.899195	-1.22525	0.177075
-0.897795	-1.725622	1.323225
-0.897795	1.725622	1.323225
-0.89088	-1.21392	0.15
-0.89088	1.21392	0.15
-0.89088	-1.21392	2.4
-0.89088	-1.21392	0.15
-0.89088	1.21392	0.15
-0.89088	1.21392	2.4
-0.89037	-0.653431	2.5026
-0.89037	0.653431	2.5026
-0.888786	1.211067	0.127575
-0.888786	-1.211067	0.127575
-0.879477	-1.198382	0.1056
-0.879477	1.198382	0.1056
-0.879195	-1.197997	2.435437
-0.879195	1.197997	2.435437
-0.877772	-1.687137	1.4712
-0.877772	1.687137	1.4712
-0.87592	-1.683577	0.553725
-0.87592	1.683577	0.553725
-0.866886	-1.181225	2.463
-0.866886	1.181225	2.463
-0.863501	-0.449256	2.5272
-0.863501	0.449256	2.5272
-0.858407	-1.169673	0.084525
-0.858407	1.169673	0.084525
-0.855408	-0.855408	2.4744
-0.855408	0.855408	2.4744
-0.854666	-1.164574	2.482687
-0.854666	1.164574	2.482687
-0.853583	-1.640643	1.621875
-0.853583	1.640643	1.621875
-0.847506	-0.440935	0.018225
-0.847506	0.440935	0.018225
-0.844439	1.623068	0.4632
-0.844439	-1.623068	0.4632
-0.843248	-1.149016	2.4945
-0.843248	1.149016	2.4945
-0.833344	-1.135521	2.498438
-0.833344	1.135521	2.498438
-0.831488	-1.132992	2.4
-0.831488	1.132992	2.4
-0.825921	1.587475	1.7748
-0.825921	-1.587475	1.7748
-0.825668	-1.125061	2.4945
-0.825668	1.125061	2.4945
-0.825	0.0	2.55
-0.825	0.0	2.55
-0.823129	-1.121601	2.435437
-0.823129	1.121601	2.435437
-0.821035	1.118749	0.0648
-0.821035	-1.118749	0.0648
-0.820931	1.118607	2.482687
-0.820931	-1.118607	2.482687
-0.819847	-1.11713	2.463
-0.819847	1.11713	2.463
-0.814374	-0.135366	2.55
-0.814374	0.135366	2.55
-0.811956	0.811956	0.0312
-0.811956	-0.811956	0.0312
-0.81018	1.55722	0.384375
-0.81018	-1.55722	0.384375
-0.795481	1.528968	1.929525
-0.795481	-1.528968	1.929525
-0.785325	-0.57634	2.5272
-0.785325	0.57634	2.5272
-0.783552	-0.263208	2.55
-0.783552	0.263208	2.55
-0.781142	-0.781142	2.5026
-0.781142	0.781142	2.5026
-0.775921	-1.491372	0.3168
-0.775921	1.491372	0.3168
-0.772096	-1.052064	2.4
-0.772096	1.052064	2.4
-0.770779	0.565664	0.018225
-0.770779	-0.565664	0.018225
-0.762958	-1.466456	2.0856
-0.762958	1.466456	2.0856
-0.762816	-1.039419	0.046875
-0.762816	1.039419	0.046875
-0.75701	1.031508	2.4408
-0.75701	-1.031508	2.4408
-0.74444	1.430863	0.260025
-0.74444	-1.430863	0.260025
-0.734118	-0.381942	2.55
-0.734118	0.381942	2.55
-0.729046	-1.401276	2.242575
-0.729046	1.401276	2.242575
-0.718514	1.381032	0.2136
-0.718514	-1.381032	0.2136
-0.715555	-0.975021	2.4744
-0.715555	0.975021	2.4744
-0.7032	0.0	0.0084
-0.700921	1.347218	0.177075
-0.700921	-1.347218	0.177075
-0.69444	-1.33476	0.15
-0.69444	1.33476	0.15
-0.69444	1.33476	2.4
-0.69444	1.33476	0.15
-0.69444	-1.33476	2.4
-0.69444	-1.33476	0.15
-0.694143	-0.115381	0.0084
-0.694143	0.115381	0.0084
-0.692808	1.331623	0.127575
-0.692808	-1.331623	0.127575
-0.688984	-0.688984	2.5272
-0.688984	0.688984	2.5272
-0.685551	-1.317675	0.1056
-0.685551	1.317675	0.1056
-0.685331	-1.317252	2.435437
-0.685331	1.317252	2.435437
-0.679207	-0.925493	0.0312
-0.679207	0.925493	0.0312
-0.676222	0.676222	0.018225
-0.676222	-0.676222	0.018225
-0.675736	-1.29881	2.463
-0.675736	1.29881	2.463
-0.6736	0.0	2.5728
-0.6736	0.0	2.5728
-0.669128	-1.286108	0.084525
-0.669128	1.286108	0.084525
-0.667871	-0.224349	0.0084
-0.667871	0.224349	0.0084
-0.667656	-0.489984	2.55
-0.667656	0.489984	2.55
-0.666211	1.280502	2.482687
-0.666211	-1.280502	2.482687
-0.664924	-0.110524	2.5728
-0.664924	0.110524	2.5728
-0.657311	-1.263395	2.4945
-0.657311	1.263395	2.4945
-0.653431	-0.89037	2.5026
-0.653431	0.89037	2.5026
-0.649591	-1.248557	2.498438
-0.649591	1.248557	2.498438
-0.648144	-1.245776	2.4
-0.648144	1.245776	2.4
-0.643607	-1.237056	2.4945
-0.643607	1.237056	2.4945
-0.641628	-1.233252	2.435437
-0.641628	1.233252	2.435437
-0.639996	-1.230115	0.0648
-0.639996	1.230115	0.0648
-0.639915	1.229959	2.482687
-0.639915	-1.229959	2.482687
-0.639758	-0.214905	2.5728
-0.639758	0.214905	2.5728
-0.63907	-1.228335	2.463
-0.63907	1.228335	2.463
-0.63808	-1.89952	0.9
-0.63808	-1.89952	0.9
-0.63808	1.89952	0.9
-0.63808	1.89952	0.9
-0.635767	-1.892634	1.037175
-0.635767	1.892634	1.037175
-0.633613	-1.886223	0.771675
-0.633613	1.886223	0.771675
-0.629147	-1.872927	1.1784
-0.629147	1.872927	1.1784
-0.625735	0.325553	0.0084
-0.625735	-0.325553	0.0084
-0.62149	-1.850132	0.6564
-0.62149	1.850132	0.6564
-0.618698	-1.841822	1.323225
-0.618698	1.841822	1.323225
-0.6049	-1.800745	1.4712
-0.6049	1.800745	1.4712
-0.603624	-1.796946	0.553725
-0.603624	1.796946	0.553725
-0.601848	-1.156792	2.4
-0.601848	1.156792	2.4
-0.599396	-0.31185	2.5728
-0.599396	0.31185	2.5728
-0.594614	-1.142888	0.046875
-0.594614	1.142888	0.046875
-0.590089	1.13419	2.4408
-0.590089	-1.13419	2.4408
-0.58823	-1.75112	1.621875
-0.58823	1.75112	1.621875
-0.58575	-0.58575	2.55
-0.58575	0.58575	2.55
-0.581929	-1.732362	0.4632
-0.581929	1.732362	0.4632
-0.57634	-0.785325	2.5272
-0.57634	0.785325	2.5272
-0.569167	-1.694372	1.7748
-0.569167	1.694372	1.7748
-0.569086	-0.417645	0.0084
-0.569086	0.417645	0.0084
-0.565664	0.770779	0.018225
-0.565664	-0.770779	0.018225
-0.55832	-1.66208	0.384375
-0.55832	1.66208	0.384375
-0.557774	-1.072079	2.4744
-0.557774	1.072079	2.4744
-0.54819	-1.631925	1.929525
-0.54819	1.631925	1.929525
-0.545131	-0.400065	2.5728
-0.545131	0.400065	2.5728
-0.534711	-1.591798	0.3168
-0.534711	1.591798	0.3168
-0.529441	-1.017621	0.0312
-0.529441	1.017621	0.0312
-0.5258	0.0	2.5974
-0.5258	0.0	2.5974
-0.525778	-1.565204	2.0856
-0.525778	1.565204	2.0856
-0.519028	0.086273	2.5974
-0.519028	-0.086273	2.5974
-0.513016	-1.527214	0.260025
-0.513016	1.527214	0.260025
-0.509349	0.979002	2.5026
-0.509349	-0.979002	2.5026
-0.502408	-1.495635	2.242575
-0.502408	1.495635	2.242575
-0.499384	-0.167751	2.5974
-0.499384	0.167751	2.5974
-0.499272	-0.499272	0.0084
-0.499272	0.499272	0.0084
-0.49515	-1.474028	0.2136
-0.49515	1.474028	0.2136
-0.489984	-0.667656	2.55
-0.489984	0.667656	2.55
-0.483027	-1.437937	0.177075
-0.483027	1.437937	0.177075
-0.47856	1.42464	0.15
-0.47856	-1.42464	2.4
-0.47856	-1.42464	0.15
-0.47856	-1.42464	0.15
-0.47856	1.42464	0.15
-0.47856	1.42464	2.4
-0.478256	-0.478256	2.5728
-0.478256	0.478256	2.5728
-0.477435	1.421292	0.127575
-0.477435	-1.421292	0.127575
-0.472434	1.406405	0.1056
-0.472434	-1.406405	0.1056
-0.472283	-1.405953	2.435437
-0.472283	1.405953	2.435437
-0.467878	-0.243424	2.5974
-0.467878	0.243424	2.5974
-0.465671	-1.38627	2.463
-0.465671	1.38627	2.463
-0.461116	1.372712	0.084525
-0.461116	-1.372712	0.084525
-0.459107	-1.366728	2.482687
-0.459107	1.366728	2.482687
-0.452973	-1.348469	2.4945
-0.452973	1.348469	2.4945
-0.449256	-0.863501	2.5272
-0.449256	0.863501	2.5272
-0.447653	-1.332632	2.498438
-0.447653	1.332632	2.498438
-0.446656	-1.329664	2.4
-0.446656	1.329664	2.4
-0.443529	-1.320356	2.4945
-0.443529	1.320356	2.4945
-0.442166	-1.316296	2.435437
-0.442166	1.316296	2.435437
-0.441041	1.312948	0.0648
-0.441041	-1.312948	0.0648
-0.440985	-1.312782	2.482687
-0.440985	1.312782	2.482687
-0.440935	0.847506	0.018225
-0.440935	-0.847506	0.018225
-0.440403	-1.311049	2.463
-0.440403	1.311049	2.463
-0.425519	0.312283	2.5974
-0.425519	-0.312283	2.5974
-0.417645	-0.569086	0.0084
-0.417645	0.569086	0.0084
-0.414752	-1.234688	2.4
-0.414752	1.234688	2.4
-0.409767	1.219848	0.046875
-0.409767	-1.219848	0.046875
-0.406648	-1.210564	2.4408
-0.406648	1.210564	2.4408
-0.400065	-0.545131	2.5728
-0.400065	0.545131	2.5728
-0.3912	0.0	2.6256
-0.3912	0.0	2.6256
-0.388275	-0.0	0.002175
-0.388275	0.0	0.002175
-0.386161	-0.064188	2.6256
-0.386161	0.064188	2.6256
-0.384379	-1.144271	2.4744
-0.384379	1.144271	2.4744
-0.383274	-0.063708	0.002175
-0.383274	0.063708	0.002175
-0.381942	-0.734118	2.55
-0.381942	0.734118	2.55
-0.373318	-0.373318	2.5974
-0.373318	0.373318	2.5974
-0.371546	-0.124808	2.6256
-0.371546	0.124808	2.6256
-0.368768	-0.123875	0.002175
-0.368768	0.123875	0.002175
-0.364854	1.086146	0.0312
-0.364854	-1.086146	0.0312
-0.3584	0.0	3.0348
-0.3584	0.0	3.0348
-0.3582	0.0	3.08115
-0.3582	0.0	3.08115
-0.353807	-0.059016	3.0348
-0.353807	0.059016	3.0348
-0.35361	-0.058988	3.08115
-0.35361	0.058988	3.08115
-0.351008	-1.044926	2.5026
-0.351008	1.044926	2.5026
-0.348105	-0.18111	2.6256
-0.348105	0.18111	2.6256
-0.345503	-0.179756	0.002175
-0.345503	0.179756	0.002175
-0.340477	-0.114676	3.0348
-0.340477	0.114676	3.0348
-0.340289	-0.114619	3.08115
-0.340289	0.114619	3.08115
-0.32816	-1.97424	0.9
-0.32816	1.97424	0.9
-0.32816	1.97424	0.9
-0.32697	-1.967083	1.037175
-0.32697	1.967083	1.037175
-0.325863	-1.96042	0.771675
-0.325863	1.96042	0.771675
-0.325553	-0.625735	0.0084
-0.325553	0.625735	0.0084
-0.325	0.0	2.98125
-0.325	0.0	2.98125
-0.323566	-1.946601	1.1784
-0.323566	1.946601	1.1784
-0.320834	-0.053508	2.98125
-0.320834	0.053508	2.98125
-0.319628	-1.92291	0.6564
-0.319628	1.92291	0.6564
-0.319082	-0.166306	3.0348
-0.319082	0.166306	3.0348
-0.318907	-0.166221	3.08115
-0.318907	0.166221	3.08115
-0.318192	-1.914272	1.323225
-0.318192	1.914272	1.323225
-0.31659	-0.232342	2.6256
-0.31659	0.232342	2.6256
-0.314223	-0.230604	0.002175
-0.314223	0.230604	0.002175
-0.312283	-0.425519	2.5974
-0.312283	0.425519	2.5974
-0.31185	-0.599396	2.5728
-0.31185	0.599396	2.5728
-0.311096	-1.87158	1.4712
-0.311096	1.87158	1.4712
-0.310439	-1.867631	0.553725
-0.310439	1.867631	0.553725
-0.309596	-0.921647	2.5272
-0.309596	0.921647	2.5272
-0.3088	0.0	3.1176
-0.3088	0.0	3.1176
-0.308744	-0.103976	2.98125
-0.308744	0.103976	2.98125
-0.304843	-0.050855	3.1176
-0.304843	0.050855	3.1176
-0.303862	0.904575	0.018225
-0.303862	-0.904575	0.018225
-0.302523	-1.820003	1.621875
-0.302522	1.820003	1.621875
-0.299282	-1.800507	0.4632
-0.299282	1.800507	0.4632
-0.29336	-0.098814	3.1176
-0.29336	0.098814	3.1176
-0.292719	-1.761022	1.7748
-0.292719	1.761022	1.7748
-0.290295	-0.213234	3.0348
-0.290295	0.213234	3.0348
-0.290138	-0.213123	3.08115
-0.290138	0.213123	3.08115
-0.28934	-0.150793	2.98125
-0.28934	0.150793	2.98125
-0.28714	-1.72746	0.384375
-0.28714	1.72746	0.384375
-0.28193	1.696119	1.929525
-0.28193	-1.696119	1.929525
-0.2794	0.0	2.6592
-0.277752	-0.277752	2.6256
-0.277752	0.277752	2.6256
-0.275801	-0.045844	2.6592
-0.275801	0.045844	2.6592
-0.275675	-0.275675	0.002175
-0.275675	0.275675	0.002175
-0.274998	-1.654413	0.3168
-0.274998	1.654413	0.3168
-0.274928	-0.143301	3.1176
-0.274928	0.143301	3.1176
-0.2736	0.0	2.9232
-0.2736	0.0	2.9232
-0.270404	-1.626774	2.0856
-0.270404	1.626774	2.0856
-0.270092	-0.045032	2.9232
-0.270092	0.045032	2.9232
-0.265363	-0.08914	2.6592
-0.265363	0.08914	2.6592
-0.263841	1.587289	0.260025
-0.263841	-1.587289	0.260025
-0.263232	-0.193348	2.98125
-0.263232	0.193348	2.98125
-0.263208	-0.783552	2.55
-0.263208	0.783552	2.55
-0.25991	-0.087511	2.9232
-0.25991	0.087511	2.9232
-0.258385	-1.554467	2.242575
-0.258385	1.554467	2.242575
-0.254788	-0.254788	3.0348
-0.254788	0.254788	3.0348
-0.254653	-0.254653	3.08115
-0.254653	0.254653	3.08115
-0.254652	-1.53201	0.2136
-0.254652	1.53201	0.2136
-0.250127	-0.183734	3.1176
-0.250127	0.183734	3.1176
-0.248621	0.129351	2.6592
-0.248621	-0.129351	2.6592
-0.248417	-1.4945	0.177075
-0.248417	1.4945	0.177075
-0.24612	1.48068	0.15
-0.24612	-1.48068	2.4
-0.24612	-1.48068	0.15
-0.24612	-1.48068	0.15
-0.24612	1.48068	0.15
-0.24612	1.48068	2.4
-0.245542	1.4772	0.127575
-0.245542	-1.4772	0.127575
-0.243569	-0.12692	2.9232
-0.243569	0.12692	2.9232
-0.243424	0.467878	2.5974
-0.243424	-0.467878	2.5974
-0.24297	1.461727	0.1056
-0.24297	-1.461727	0.1056
-0.242892	-1.461258	2.435437
-0.242892	1.461258	2.435437
-0.239491	-1.4408	2.463
-0.239491	1.4408	2.463
-0.237149	1.426709	0.084525
-0.237149	-1.426709	0.084525
-0.236115	-1.42049	2.482687
-0.236115	1.42049	2.482687
-0.232961	-1.401513	2.4945
-0.232961	1.401513	2.4945
-0.232342	-0.31659	2.6256
-0.232342	0.31659	2.6256
-0.231031	-0.231031	2.98125
-0.231031	0.231031	2.98125
-0.230604	-0.314223	0.002175
-0.230604	0.314223	0.002175
-0.230225	-1.385053	2.498438
-0.230225	1.385053	2.498438
-0.229712	-1.381968	2.4
-0.229712	1.381968	2.4
-0.228104	-1.372294	2.4945
-0.228104	1.372294	2.4945
-0.227403	-1.368074	2.435437
-0.227403	1.368074	2.435437
-0.226824	1.364595	0.0648
-0.226824	-1.364595	0.0648
-0.226795	1.364422	2.482687
-0.226795	-1.364422	2.482687
-0.226496	-1.36262	2.463
-0.226496	1.36262	2.463
-0.226113	-0.165941	2.6592
-0.226113	0.165941	2.6592
-0.224349	0.667871	0.0084
-0.224349	-0.667871	0.0084
-0.221585	-0.162745	2.9232
-0.221585	0.162745	2.9232
-0.2198	0.0	2.86335
-0.2198	0.0	2.86335
-0.219536	-0.219536	3.1176
-0.219536	0.219536	3.1176
-0.216979	0.036157	2.86335
-0.216979	-0.036157	2.86335
-0.214905	-0.639758	2.5728
-0.214905	0.639758	2.5728
-0.213304	-1.283256	2.4
-0.213304	1.283256	2.4
-0.213234	-0.290295	3.0348
-0.213234	0.290295	3.0348
-0.213123	-0.290138	3.08115
-0.213123	0.290138	3.08115
-0.21074	-1.267832	0.046875
-0.21074	1.267832	0.046875
-0.209136	-1.258183	2.4408
-0.209136	1.258183	2.4408
-0.208794	0.07027	2.86335
-0.208794	-0.07027	2.86335
-0.2	0.0	2.7
-0.2	0.0	2.7
-0.2	0.0	2.7
-0.2	0.0	2.7
-0.198374	-0.198374	2.6592
-0.198374	0.198374	2.6592
-0.197684	-1.189282	2.4744
-0.197684	1.189282	2.4744
-0.197424	-0.032816	2.7
-0.197424	0.032816	2.7
-0.197424	0.032816	2.7
-0.197424	-0.032816	2.7
-0.195658	-0.101925	2.86335
-0.195658	0.101925	2.86335
-0.1946	0.0	3.14145
-0.1946	0.0	3.14145
-0.194472	-0.194472	2.9232
-0.194472	0.194472	2.9232
-0.193348	-0.263232	2.98125
-0.193348	0.263232	2.98125
-0.192107	-0.032048	3.14145
-0.192107	0.032048	3.14145
-0.189952	-0.063808	2.7
-0.189952	0.063808	2.7
-0.189952	0.063808	2.7
-0.189952	-0.063808	2.7
-0.187642	1.12887	0.0312
-0.187642	-1.12887	0.0312
-0.18487	-0.062272	3.14145
-0.18487	0.062272	3.14145
-0.183734	-0.250127	3.1176
-0.183734	0.250127	3.1176
-0.18111	0.348105	2.6256
-0.18111	-0.348105	2.6256
-0.180521	-1.086029	2.5026
-0.180521	1.086029	2.5026
-0.179756	-0.345503	0.002175
-0.179756	0.345503	0.002175
-0.1792	0.0	2.8044
-0.1792	0.0	2.8044
-0.177989	-0.130707	2.86335
-0.177989	0.130707	2.86335
-0.177968	-0.092592	2.7
-0.177968	0.092592	2.7
-0.177968	0.092592	2.7
-0.177968	-0.092592	2.7
-0.176897	0.02945	2.8044
-0.176897	-0.02945	2.8044
-0.173255	-0.090306	3.14145
-0.173255	0.090306	3.14145
-0.170215	0.057246	2.8044
-0.170215	-0.057246	2.8044
-0.167751	-0.499384	2.5974
-0.167751	0.499384	2.5974
-0.1674	0.0	2.74905
-0.1674	0.0	2.74905
-0.166306	-0.319082	3.0348
-0.166306	0.319082	3.0348
-0.166221	0.318907	3.08115
-0.166221	-0.318907	3.08115
-0.165941	-0.226113	2.6592
-0.165941	0.226113	2.6592
-0.165245	0.02748	2.74905
-0.165245	-0.02748	2.74905
-0.162745	-0.221585	2.9232
-0.162745	0.221585	2.9232
-0.161856	-0.118784	2.7
-0.161856	0.118784	2.7
-0.161856	0.118784	2.7
-0.161856	-0.118784	2.7
-0.159496	0.083047	2.8044
-0.159496	-0.083047	2.8044
-0.159223	-0.957901	2.5272
-0.159223	0.957901	2.5272
-0.158995	0.053428	2.74905
-0.158995	-0.053428	2.74905
-0.157626	-0.115787	3.14145
-0.157626	0.115787	3.14145
-0.156274	0.940158	0.018225
-0.156274	-0.940158	0.018225
-0.1562	-0.1562	2.86335
-0.1562	0.1562	2.86335
-0.150793	-0.28934	2.98125
-0.150793	0.28934	2.98125
-0.148969	0.077523	2.74905
-0.148969	-0.077523	2.74905
-0.145078	0.106513	2.8044
-0.145078	-0.106513	2.8044
-0.143301	-0.274928	3.1176
-0.143301	0.274928	3.1176
-0.142	-0.142	2.7
-0.142	0.142	2.7
-0.142	0.142	2.7
-0.142	-0.142	2.7
-0.138348	-0.138348	3.14145
-0.138348	0.138348	3.14145
-0.135489	0.099446	2.74905
-0.135489	-0.099446	2.74905
-0.135366	-0.814374	2.55
-0.135366	0.814374	2.55
-0.130707	-0.177989	2.86335
-0.130707	0.177989	2.86335
-0.129351	0.248621	2.6592
-0.129351	-0.248621	2.6592
-0.127304	0.127304	2.8044
-0.127304	-0.127304	2.8044
-0.12692	-0.243569	2.9232
-0.12692	0.243569	2.9232
-0.124808	-0.371546	2.6256
-0.124808	0.371546	2.6256
-0.123875	0.368768	0.002175
-0.123875	-0.368768	0.002175
-0.118874	0.118874	2.74905
-0.118874	-0.118874	2.74905
-0.118784	-0.161856	2.7
-0.118784	0.161856	2.7
-0.118784	0.161856	2.7
-0.118784	-0.161856	2.7
-0.115787	-0.157626	3.14145
-0.115787	0.157626	3.14145
-0.115381	0.694143	0.0084
-0.115381	-0.694143	0.0084
-0.114676	-0.340477	3.0348
-0.114676	0.340477	3.0348
-0.114619	-0.340289	3.08115
-0.114619	0.340289	3.08115
-0.110524	-0.664924	2.5728
-0.110524	0.664924	2.5728
-0.106513	-0.145078	2.8044
-0.106513	0.145078	2.8044
-0.103976	-0.308744	2.98125
-0.103976	0.308744	2.98125
-0.101925	-0.195658	2.86335
-0.101925	0.195658	2.86335
-0.099446	0.135489	2.74905
-0.099446	-0.135489	2.74905
-0.098814	-0.29336	3.1176
-0.098814	0.29336	3.1176
-0.092592	-0.177968	2.7
-0.092592	0.177968	2.7
-0.092592	-0.177968	2.7
-0.092592	0.177968	2.7
-0.090306	-0.173255	3.14145
-0.090306	0.173255	3.14145
-0.08914	-0.265363	2.6592
-0.08914	0.265363	2.6592
-0.087511	-0.25991	2.9232
-0.087511	0.25991	2.9232
-0.086273	-0.519028	2.5974
-0.086273	0.519028	2.5974
-0.083047	-0.159496	2.8044
-0.083047	0.159496	2.8044
-0.077523	-0.148969	2.74905
-0.077523	0.148969	2.74905
-0.07027	-0.208794	2.86335
-0.07027	0.208794	2.86335
-0.064188	-0.386161	2.6256
-0.064188	0.386161	2.6256
-0.063808	-0.189952	2.7
-0.063808	0.189952	2.7
-0.063808	-0.189952	2.7
-0.063808	0.189952	2.7
-0.063708	0.383274	0.002175
-0.063708	-0.383274	0.002175
-0.062272	-0.18487	3.14145
-0.062272	0.18487	3.14145
-0.059016	-0.353807	3.0348
-0.059016	0.353807	3.0348
-0.058988	-0.35361	3.08115
-0.058988	0.35361	3.08115
-0.057246	-0.170215	2.8044
-0.057246	0.170215	2.8044
-0.053508	-0.320834	2.98125
-0.053508	0.320834	2.98125
-0.053428	-0.158995	2.74905
-0.053428	0.158995	2.74905
-0.050855	-0.304843	3.1176
-0.050855	0.304843	3.1176
-0.045844	-0.275801	2.6592
-0.045844	0.275801	2.6592
-0.045032	-0.270092	2.9232
-0.045032	0.270092	2.9232
-0.036157	-0.216979	2.86335
-0.036157	0.216979	2.86335
-0.032816	-0.197424	2.7
-0.032816	0.197424	2.7
-0.032816	-0.197424	2.7
-0.032816	0.197424	2.7
-0.032048	-0.192107	3.14145
-0.032048	0.192107	3.14145
-0.02945	-0.176897	2.8044
-0.02945	0.176897	2.8044
-0.02748	-0.165245	2.74905
-0.02748	0.165245	2.74905
-0.0	1.608	0.260025
-0.0	1.71825	1.929525
-0.0	-1.648	2.0856
-0.0	-1.948	0.6564
-0.0	-1.986	0.771675
-0.0	1.382225	2.482687
-0.0	-0.2	2.7
-0.0	1.496475	0.127575
-0.0	-1.2048	2.4744
-0.0	-0.1674	2.74905
-0.0	0.952425	0.018225
-0.0	-1.284375	0.046875
-0.0	1.3824	0.0648
-0.0	1.75	0.384375
-0.0	1.824	0.4632
-0.0	-1.892	0.553725
-0.0	1.99275	1.037175
-0.0	1.972	1.1784
-0.0	-1.93925	1.323225
-0.0	-1.84375	1.621875
-0.0	1.784	1.7748
-0.0	-1.3	2.4
-0.0	-1.480325	2.435437
-0.0	-1.385925	2.435437
-0.0	-1.4596	2.463
-0.0	-1.3804	2.463
-0.0	-1.3902	2.4945
-0.0	-1.1002	2.5026
-0.0	-0.1792	2.8044
-0.0	-0.2198	2.86335
-0.0	-0.6736	2.5728
-0.0	1.4808	0.1056
-0.0	-1.514	0.177075
-0.0	-1.4198	2.4945
-0.0	-0.9704	2.5272
-0.0	-0.2736	2.9232
-0.0	-0.3088	3.1176
-0.0	-0.5258	2.5974
-0.0	-0.2	2.7
-0.0	-0.325	2.98125
-0.0	-0.1946	3.14145
-0.0	0.388275	0.002175
-0.0	-0.3582	3.08115
0.0	0.0	0.0
0.0	-0.388275	0.002175
0.0	0.388275	0.002175
0.0	-0.7032	0.0084
0.0	0.7032	0.0084
0.0	-0.952425	0.018225
0.0	0.952425	0.018225
0.0	-1.1436	0.0312
0.0	-1.1436	0.0312
0.0	1.1436	0.0312
0.0	1.1436	0.0312
0.0	-1.284375	0.046875
0.0	1.284375	0.046875
0.0	-1.3824	0.0648
0.0	1.3824	0.0648
0.0	-1.445325	0.084525
0.0	-1.445325	0.084525
0.0	1.445325	0.084525
0.0	1.445325	0.084525
0.0	-1.4808	0.1056
0.0	1.4808	0.1056
0.0	-1.496475	0.127575
0.0	1.496475	0.127575
0.0	-1.5	0.15
0.0	-1.5	0.15
0.0	1.5	0.15
0.0	1.5	0.15
0.0	-1.514	0.177075
0.0	1.514	0.177075
0.0	-1.552	0.2136
0.0	-1.552	0.2136
0.0	1.552	0.2136
0.0	1.552	0.2136
0.0	-1.608	0.260025
0.0	1.608	0.260025
0.0	-1.676	0.3168
0.0	-1.676	0.3168
0.0	1.676	0.3168
0.0	1.676	0.3168
0.0	-1.75	0.384375
0.0	1.75	0.384375
0.0	-1.824	0.4632
0.0	1.824	0.4632
0.0	-1.892	0.553725
0.0	1.892	0.553725
0.0	-1.948	0.6564
0.0	1.948	0.6564
0.0	-1.986	0.771675
0.0	1.986	0.771675
0.0	-2.0	0.9
0.0	-2.0	0.9
0.0	2.0	0.9
0.0	2.0	0.9
0.0	-1.99275	1.037175
0.0	1.99275	1.037175
0.0	-1.972	1.1784
0.0	1.972	1.1784
0.0	-1.93925	1.323225
0.0	1.93925	1.323225
0.0	-1.896	1.4712
0.0	-1.896	1.4712
0.0	1.896	1.4712
0.0	1.896	1.4712
0.0	-1.84375	1.621875
0.0	1.84375	1.621875
0.0	-1.784	1.7748
0.0	1.784	1.7748
0.0	-1.71825	1.929525
0.0	1.71825	1.929525
0.0	-1.648	2.0856
0.0	1.648	2.0856
0.0	-1.57475	2.242575
0.0	-1.57475	2.242575
0.0	1.57475	2.242575
0.0	1.57475	2.242575
0.0	-1.5	2.4
0.0	-1.5	2.4
0.0	-1.4	2.4
0.0	-1.4	2.4
0.0	-1.3	2.4
0.0	1.3	2.4
0.0	1.4	2.4
0.0	1.4	2.4
0.0	1.5	2.4
0.0	1.5	2.4
0.0	-1.480325	2.435437
0.0	-1.385925	2.435437
0.0	1.385925	2.435437
0.0	1.480325	2.435437
0.0	-1.2746	2.4408
0.0	-1.2746	2.4408
0.0	1.2746	2.4408
0.0	1.2746	2.4408
0.0	-1.4596	2.463
0.0	-1.3804	2.463
0.0	1.3804	2.463
0.0	1.4596	2.463
0.0	-1.2048	2.4744
0.0	1.2048	2.4744
0.0	-1.439025	2.482687
0.0	-1.382225	2.482687
0.0	1.382225	2.482687
0.0	1.439025	2.482687
0.0	-1.4198	2.4945
0.0	-1.3902	2.4945
0.0	1.3902	2.4945
0.0	1.4198	2.4945
0.0	-1.403125	2.498438
0.0	-1.403125	2.498438
0.0	1.403125	2.498438
0.0	1.403125	2.498438
0.0	-1.1002	2.5026
0.0	1.1002	2.5026
0.0	-0.9704	2.5272
0.0	0.9704	2.5272
0.0	-0.825	2.55
0.0	-0.825	2.55
0.0	0.825	2.55
0.0	0.825	2.55
0.0	-0.6736	2.5728
0.0	0.6736	2.5728
0.0	-0.5258	2.5974
0.0	0.5258	2.5974
0.0	-0.3912	2.6256
0.0	-0.3912	2.6256
0.0	0.3912	2.6256
0.0	0.3912	2.6256
0.0	-0.2794	2.6592
0.0	0.2794	2.6592
0.0	-0.2	2.7
0.0	-0.2	2.7
0.0	0.2	2.7
0.0	0.2	2.7
0.0	-0.1674	2.74905
0.0	0.1674	2.74905
0.0	-0.1792	2.8044
0.0	0.1792	2.8044
0.0	-0.2198	2.86335
0.0	0.2198	2.86335
0.0	-0.2736	2.9232
0.0	0.2736	2.9232
0.0	-0.325	2.98125
0.0	0.325	2.98125
0.0	-0.3584	3.0348
0.0	-0.3584	3.0348
0.0	0.3584	3.0348
0.0	0.3584	3.0348
0.0	-0.3582	3.08115
0.0	0.3582	3.08115
0.0	-0.3088	3.1176
0.0	0.3088	3.1176
0.0	-0.1946	3.14145
0.0	0.1946	3.14145
0.0	0.0	3.15
0.0	-0.388275	0.002175
0.0	0.3582	3.08115
0.0	0.5258	2.5974
0.0	0.2	2.7
0.0	0.325	2.98125
0.0	0.1946	3.14145
0.0	0.3088	3.1176
0.0	-1.4808	0.1056
0.0	1.514	0.177075
0.0	1.4198	2.4945
0.0	0.9704	2.5272
0.0	0.2736	2.9232
0.0	0.6736	2.5728
0.0	0.2198	2.86335
0.0	-0.952425	0.018225
0.0	1.284375	0.046875
0.0	-1.3824	0.0648
0.0	-1.75	0.384375
0.0	-1.824	0.4632
0.0	1.892	0.553725
0.0	-1.99275	1.037175
0.0	-1.972	1.1784
0.0	1.93925	1.323225
0.0	1.84375	1.621875
0.0	-1.784	1.7748
0.0	1.3	2.4
0.0	1.385925	2.435437
0.0	1.480325	2.435437
0.0	1.3804	2.463
0.0	1.4596	2.463
0.0	1.3902	2.4945
0.0	1.1002	2.5026
0.0	0.1792	2.8044
0.0	0.1674	2.74905
0.0	-1.496475	0.127575
0.0	1.2048	2.4744
0.0	1.948	0.6564
0.0	1.986	0.771675
0.0	-1.382225	2.482687
0.0	0.2	2.7
0.0	-1.608	0.260025
0.0	-1.71825	1.929525
0.0	1.648	2.0856
0.02748	-0.165245	2.74905
0.02748	0.165245	2.74905
0.02945	-0.176897	2.8044
0.02945	0.176897	2.8044
0.032048	-0.192107	3.14145
0.032048	0.192107	3.14145
0.032816	-0.197424	2.7
0.032816	0.197424	2.7
0.032816	-0.197424	2.7
0.032816	0.197424	2.7
0.036157	-0.216979	2.86335
0.036157	0.216979	2.86335
0.045032	-0.270092	2.9232
0.045032	0.270092	2.9232
0.045844	-0.275801	2.6592
0.045844	0.275801	2.6592
0.050855	-0.304843	3.1176
0.050855	0.304843	3.1176
0.053428	-0.158995	2.74905
0.053428	0.158995	2.74905
0.053508	-0.320834	2.98125
0.053508	0.320834	2.98125
0.057246	-0.170215	2.8044
0.057246	0.170215	2.8044
0.058988	-0.35361	3.08115
0.058988	0.35361	3.08115
0.059016	-0.353807	3.0348
0.059016	0.353807	3.0348
0.062272	-0.18487	3.14145
0.062272	0.18487	3.14145
0.063708	0.383274	0.002175
0.063708	-0.383274	0.002175
0.063808	-0.189952	2.7
0.063808	0.189952	2.7
0.063808	-0.189952	2.7
0.063808	0.189952	2.7
0.064188	-0.386161	2.6256
0.064188	0.386161	2.6256
0.07027	-0.208794	2.86335
0.07027	0.208794	2.86335
0.077523	-0.148969	2.74905
0.077523	0.148969	2.74905
0.083047	-0.159496	2.8044
0.083047	0.159496	2.8044
0.086273	-0.519028	2.5974
0.086273	0.519028	2.5974
0.087511	-0.25991	2.9232
0.087511	0.25991	2.9232
0.08914	-0.265363	2.6592
0.08914	0.265363	2.6592
0.090306	-0.173255	3.14145
0.090306	0.173255	3.14145
0.092592	-0.177968	2.7
0.092592	0.177968	2.7
0.092592	-0.177968	2.7
0.092592	0.177968	2.7
0.098814	-0.29336	3.1176
0.098814	0.29336	3.1176
0.099446	0.135489	2.74905
0.099446	-0.135489	2.74905
0.101925	-0.195658	2.86335
0.101925	0.195658	2.86335
0.103976	-0.308744	2.98125
0.103976	0.308744	2.98125
0.106513	-0.145078	2.8044
0.106513	0.145078	2.8044
0.110524	-0.664924	2.5728
0.110524	0.664924	2.5728
0.114619	-0.340289	3.08115
0.114619	0.340289	3.08115
0.114676	-0.340477	3.0348
0.114676	0.340477	3.0348
0.115381	0.694143	0.0084
0.115381	-0.694143	0.0084
0.115787	-0.157626	3.14145
0.115787	0.157626	3.14145
0.118784	0.161856	2.7
0.118784	-0.161856	2.7
0.118784	-0.161856	2.7
0.118784	0.161856	2.7
0.118874	0.118874	2.74905
0.118874	-0.118874	2.74905
0.123875	0.368768	0.002175
0.123875	-0.368768	0.002175
0.124808	-0.371546	2.6256
0.124808	0.371546	2.6256
0.12692	-0.243569	2.9232
0.12692	0.243569	2.9232
0.127304	0.127304	2.8044
0.127304	-0.127304	2.8044
0.129351	0.248621	2.6592
0.129351	-0.248621	2.6592
0.130707	-0.177989	2.86335
0.130707	0.177989	2.86335
0.135366	-0.814374	2.55
0.135366	0.814374	2.55
0.135489	0.099446	2.74905
0.135489	-0.099446	2.74905
0.138348	-0.138348	3.14145
0.138348	0.138348	3.14145
0.142	0.142	2.7
0.142	-0.142	2.7
0.142	-0.142	2.7
0.142	0.142	2.7
0.143301	-0.274928	3.1176
0.143301	0.274928	3.1176
0.145078	0.106513	2.8044
0.145078	-0.106513	2.8044
0.148969	0.077523	2.74905
0.148969	-0.077523	2.74905
0.150793	-0.28934	2.98125
0.150793	0.28934	2.98125
0.1562	-0.1562	2.86335
0.1562	0.1562	2.86335
0.156274	0.940158	0.018225
0.156274	-0.940158	0.018225
0.157626	-0.115787	3.14145
0.157626	0.115787	3.14145
0.158995	0.053428	2.74905
0.158995	-0.053428	2.74905
0.159223	-0.957901	2.5272
0.159223	0.957901	2.5272
0.159496	0.083047	2.8044
0.159496	-0.083047	2.8044
0.161856	0.118784	2.7
0.161856	-0.118784	2.7
0.161856	-0.118784	2.7
0.161856	0.118784	2.7
0.162745	-0.221585	2.9232
0.162745	0.221585	2.9232
0.165245	0.02748	2.74905
0.165245	-0.02748	2.74905
0.165941	-0.226113	2.6592
0.165941	0.226113	2.6592
0.166221	0.318907	3.08115
0.166221	-0.318907	3.08115
0.166306	-0.319082	3.0348
0.166306	0.319082	3.0348
0.1674	-0.0	2.74905
0.1674	0.0	2.74905
0.167751	-0.499384	2.5974
0.167751	0.499384	2.5974
0.170215	0.057246	2.8044
0.170215	-0.057246	2.8044
0.173255	-0.090306	3.14145
0.173255	0.090306	3.14145
0.176897	0.02945	2.8044
0.176897	-0.02945	2.8044
0.177968	0.092592	2.7
0.177968	-0.092592	2.7
0.177968	-0.092592	2.7
0.177968	0.092592	2.7
0.177989	-0.130707	2.86335
0.177989	0.130707	2.86335
0.1792	-0.0	2.8044
0.1792	0.0	2.8044
0.179756	-0.345503	0.002175
0.179756	0.345503	0.002175
0.180521	-1.086029	2.5026
0.180521	1.086029	2.5026
0.18111	0.348105	2.6256
0.18111	-0.348105	2.6256
0.183734	-0.250127	3.1176
0.183734	0.250127	3.1176
0.18487	-0.062272	3.14145
0.18487	0.062272	3.14145
0.187642	1.12887	0.0312
0.187642	-1.12887	0.0312
0.189952	0.063808	2.7
0.189952	-0.063808	2.7
0.189952	-0.063808	2.7
0.189952	0.063808	2.7
0.192107	-0.032048	3.14145
0.192107	0.032048	3.14145
0.193348	-0.263232	2.98125
0.193348	0.263232	2.98125
0.194472	-0.194472	2.9232
0.194472	0.194472	2.9232
0.1946	0.0	3.14145
0.1946	-0.0	3.14145
0.195658	-0.101925	2.86335
0.195658	0.101925	2.86335
0.197424	0.032816	2.7
0.197424	-0.032816	2.7
0.197424	-0.032816	2.7
0.197424	0.032816	2.7
0.197684	-1.189282	2.4744
0.197684	1.189282	2.4744
0.198374	-0.198374	2.6592
0.198374	0.198374	2.6592
0.2	-0.0	2.7
0.2	0.0	2.7
0.2	0.0	2.7
0.2	-0.0	2.7
0.208794	0.07027	2.86335
0.208794	-0.07027	2.86335
0.209136	-1.258183	2.4408
0.209136	1.258183	2.4408
0.21074	-1.267832	0.046875
0.21074	1.267832	0.046875
0.213123	-0.290138	3.08115
0.213123	0.290138	3.08115
0.213234	-0.290295	3.0348
0.213234	0.290295	3.0348
0.213304	-1.283256	2.4
0.213304	1.283256	2.4
0.214905	-0.639758	2.5728
0.214905	0.639758	2.5728
0.216979	0.036157	2.86335
0.216979	-0.036157	2.86335
0.219536	-0.219536	3.1176
0.219536	0.219536	3.1176
0.2198	-0.0	2.86335
0.2198	0.0	2.86335
0.221585	-0.162745	2.9232
0.221585	0.162745	2.9232
0.224349	0.667871	0.0084
0.224349	-0.667871	0.0084
0.226113	-0.165941	2.6592
0.226113	0.165941	2.6592
0.226496	-1.36262	2.463
0.226496	1.36262	2.463
0.226795	1.364422	2.482687
0.226795	-1.364422	2.482687
0.226824	1.364595	0.0648
0.226824	-1.364595	0.0648
0.227403	-1.368074	2.435437
0.227403	1.368074	2.435437
0.228104	-1.372294	2.4945
0.228104	1.372294	2.4945
0.229712	-1.381968	2.4
0.229712	1.381968	2.4
0.230225	-1.385053	2.498438
0.230225	1.385053	2.498438
0.230604	-0.314223	0.002175
0.230604	0.314223	0.002175
0.231031	-0.231031	2.98125
0.231031	0.231031	2.98125
0.232342	-0.31659	2.6256
0.232342	0.31659	2.6256
0.232961	-1.401513	2.4945
0.232961	1.401513	2.4945
0.236115	-1.42049	2.482687
0.236115	1.42049	2.482687
0.237149	1.426709	0.084525
0.237149	-1.426709	0.084525
0.239491	-1.4408	2.463
0.239491	1.4408	2.463
0.242892	-1.461258	2.435437
0.242892	1.461258	2.435437
0.24297	1.461727	0.1056
0.24297	-1.461727	0.1056
0.243424	0.467878	2.5974
0.243424	-0.467878	2.5974
0.243569	-0.12692	2.9232
0.243569	0.12692	2.9232
0.245542	1.4772	0.127575
0.245542	-1.4772	0.127575
0.24612	-1.48068	0.15
0.24612	-1.48068	2.4
0.24612	1.48068	0.15
0.24612	1.48068	0.15
0.24612	1.48068	2.4
0.24612	-1.48068	0.15
0.248417	-1.4945	0.177075
0.248417	1.4945	0.177075
0.248621	0.129351	2.6592
0.248621	-0.129351	2.6592
0.250127	-0.183734	3.1176
0.250127	0.183734	3.1176
0.254652	-1.53201	0.2136
0.254652	1.53201	0.2136
0.254653	-0.254653	3.08115
0.254653	0.254653	3.08115
0.254788	-0.254788	3.0348
0.254788	0.254788	3.0348
0.258385	-1.554467	2.242575
0.258385	1.554467	2.242575
0.25991	-0.087511	2.9232
0.25991	0.087511	2.9232
0.263208	-0.783552	2.55
0.263208	0.783552	2.55
0.263232	-0.193348	2.98125
0.263232	0.193348	2.98125
0.263841	1.587289	0.260025
0.263841	-1.587289	0.260025
0.265363	-0.08914	2.6592
0.265363	0.08914	2.6592
0.270092	-0.045032	2.9232
0.270092	0.045032	2.9232
0.270404	-1.626774	2.0856
0.270404	1.626774	2.0856
0.2736	-0.0	2.9232
0.2736	0.0	2.9232
0.274928	-0.143301	3.1176
0.274928	0.143301	3.1176
0.274998	-1.654413	0.3168
0.274998	1.654413	0.3168
0.275675	-0.275675	0.002175
0.275675	0.275675	0.002175
0.275801	-0.045844	2.6592
0.275801	0.045844	2.6592
0.277752	-0.277752	2.6256
0.277752	0.277752	2.6256
0.2794	0.0	2.6592
0.28193	1.696119	1.929525
0.28193	-1.696119	1.929525
0.28714	-1.72746	0.384375
0.28714	1.72746	0.384375
0.28934	-0.150793	2.98125
0.28934	0.150793	2.98125
0.290138	-0.213123	3.08115
0.290138	0.213123	3.08115
0.290295	-0.213234	3.0348
0.290295	0.213234	3.0348
0.292719	-1.761022	1.7748
0.292719	1.761022	1.7748
0.29336	-0.098814	3.1176
0.29336	0.098814	3.1176
0.299282	-1.800507	0.4632
0.299282	1.800507	0.4632
0.302522	-1.820003	1.621875
0.302523	1.820003	1.621875
0.303862	0.904575	0.018225
0.303862	-0.904575	0.018225
0.304843	-0.050855	3.1176
0.304843	0.050855	3.1176
0.308744	-0.103976	2.98125
0.308744	0.103976	2.98125
0.3088	0.0	3.1176
0.3088	-0.0	3.1176
0.309596	-0.921647	2.5272
0.309596	0.921647	2.5272
0.310439	-1.867631	0.553725
0.310439	1.867631	0.553725
0.311096	-1.87158	1.4712
0.311096	1.87158	1.4712
0.31185	-0.599396	2.5728
0.31185	0.599396	2.5728
0.312283	-0.425519	2.5974
0.312283	0.425519	2.5974
0.314223	-0.230604	0.002175
0.314223	0.230604	0.002175
0.31659	-0.232342	2.6256
0.31659	0.232342	2.6256
0.318192	-1.914272	1.323225
0.318192	1.914272	1.323225
0.318907	-0.166221	3.08115
0.318907	0.166221	3.08115
0.319082	-0.166306	3.0348
0.319082	0.166306	3.0348
0.319628	-1.92291	0.6564
0.319628	1.92291	0.6564
0.320834	-0.053508	2.98125
0.320834	0.053508	2.98125
0.323566	-1.946601	1.1784
0.323566	1.946601	1.1784
0.325	0.0	2.98125
0.325	-0.0	2.98125
0.325553	-0.625735	0.0084
0.325553	0.625735	0.0084
0.325863	-1.96042	0.771675
0.325863	1.96042	0.771675
0.32697	-1.967083	1.037175
0.32697	1.967083	1.037175
0.32816	-1.97424	0.9
0.32816	-1.97424	0.9
0.32816	1.97424	0.9
0.340289	-0.114619	3.08115
0.340289	0.114619	3.08115
0.340477	-0.114676	3.0348
0.340477	0.114676	3.0348
0.345503	-0.179756	0.002175
0.345503	0.179756	0.002175
0.348105	-0.18111	2.6256
0.348105	0.18111	2.6256
0.351008	-1.044926	2.5026
0.351008	1.044926	2.5026
0.35361	-0.058988	3.08115
0.35361	0.058988	3.08115
0.353807	-0.059016	3.0348
0.353807	0.059016	3.0348
0.3582	-0.0	3.08115
0.3582	0.0	3.08115
0.3584	0.0	3.0348
0.3584	0.0	3.0348
0.364854	1.086146	0.0312
0.364854	-1.086146	0.0312
0.368768	-0.123875	0.002175
0.368768	0.123875	0.002175
0.371546	-0.124808	2.6256
0.371546	0.124808	2.6256
0.373318	-0.373318	2.5974
0.373318	0.373318	2.5974
0.381942	-0.734118	2.55
0.381942	0.734118	2.55
0.383274	-0.063708	0.002175
0.383274	0.063708	0.002175
0.384379	-1.144271	2.4744
0.384379	1.144271	2.4744
0.386161	-0.064188	2.6256
0.386161	0.064188	2.6256
0.388275	0.0	0.002175
0.388275	0.0	0.002175
0.3912	0.0	2.6256
0.3912	0.0	2.6256
0.400065	-0.545131	2.5728
0.400065	0.545131	2.5728
0.406648	-1.210564	2.4408
0.406648	1.210564	2.4408
0.409767	1.219848	0.046875
0.409767	-1.219848	0.046875
0.414752	-1.234688	2.4
0.414752	1.234688	2.4
0.417645	-0.569086	0.0084
0.417645	0.569086	0.0084
0.425519	0.312283	2.5974
0.425519	-0.312283	2.5974
0.440403	-1.311049	2.463
0.440403	1.311049	2.463
0.440935	0.847506	0.018225
0.440935	-0.847506	0.018225
0.440985	-1.312782	2.482687
0.440985	1.312782	2.482687
0.441041	1.312948	0.0648
0.441041	-1.312948	0.0648
0.442166	-1.316296	2.435437
0.442166	1.316296	2.435437
0.443529	-1.320356	2.4945
0.443529	1.320356	2.4945
0.446656	-1.329664	2.4
0.446656	1.329664	2.4
0.447653	-1.332632	2.498438
0.447653	1.332632	2.498438
0.449256	-0.863501	2.5272
0.449256	0.863501	2.5272
0.452973	-1.348469	2.4945
0.452973	1.348469	2.4945
0.459107	-1.366728	2.482687
0.459107	1.366728	2.482687
0.461116	1.372712	0.084525
0.461116	-1.372712	0.084525
0.465671	-1.38627	2.463
0.465671	1.38627	2.463
0.467878	-0.243424	2.5974
0.467878	0.243424	2.5974
0.472283	-1.405953	2.435437
0.472283	1.405953	2.435437
0.472434	1.406405	0.1056
0.472434	-1.406405	0.1056
0.477435	1.421292	0.127575
0.477435	-1.421292	0.127575
0.478256	-0.478256	2.5728
0.478256	0.478256	2.5728
0.47856	-1.42464	0.15
0.47856	-1.42464	2.4
0.47856	1.42464	0.15
0.47856	1.42464	0.15
0.47856	-1.42464	0.15
0.47856	1.42464	2.4
0.483027	-1.437937	0.177075
0.483027	1.437937	0.177075
0.489984	-0.667656	2.55
0.489984	0.667656	2.55
0.49515	-1.474028	0.2136
0.49515	1.474028	0.2136
0.499272	-0.499272	0.0084
0.499272	0.499272	0.0084
0.499384	-0.167751	2.5974
0.499384	0.167751	2.5974
0.502408	-1.495635	2.242575
0.502408	1.495635	2.242575
0.509349	0.979002	2.5026
0.509349	-0.979002	2.5026
0.513016	-1.527214	0.260025
0.513016	1.527214	0.260025
0.519028	0.086273	2.5974
0.519028	-0.086273	2.5974
0.525778	-1.565204	2.0856
0.525778	1.565204	2.0856
0.5258	-0.0	2.5974
0.5258	0.0	2.5974
0.529441	-1.017621	0.0312
0.529441	1.017621	0.0312
0.534711	-1.591798	0.3168
0.534711	1.591798	0.3168
0.545131	-0.400065	2.5728
0.545131	0.400065	2.5728
0.54819	-1.631925	1.929525
0.54819	1.631925	1.929525
0.557774	-1.072079	2.4744
0.557774	1.072079	2.4744
0.55832	-1.66208	0.384375
0.55832	1.66208	0.384375
0.565664	0.770779	0.018225
0.565664	-0.770779	0.018225
0.569086	-0.417645	0.0084
0.569086	0.417645	0.0084
0.569167	-1.694372	1.7748
0.569167	1.694372	1.7748
0.57634	-0.785325	2.5272
0.57634	0.785325	2.5272
0.581929	-1.732362	0.4632
0.581929	1.732362	0.4632
0.58575	-0.58575	2.55
0.58575	0.58575	2.55
0.58823	-1.75112	1.621875
0.58823	1.75112	1.621875
0.590089	1.13419	2.4408
0.590089	-1.13419	2.4408
0.594614	-1.142888	0.046875
0.594614	1.142888	0.046875
0.599396	-0.31185	2.5728
0.599396	0.31185	2.5728
0.601848	-1.156792	2.4
0.601848	1.156792	2.4
0.603624	-1.796946	0.553725
0.603624	1.796946	0.553725
0.6049	-1.800745	1.4712
0.6049	1.800745	1.4712
0.618698	-1.841822	1.323225
0.618698	1.841822	1.323225
0.62149	-1.850132	0.6564
0.62149	1.850132	0.6564
0.625735	0.325553	0.0084
0.625735	-0.325553	0.0084
0.629147	-1.872927	1.1784
0.629147	1.872927	1.1784
0.633613	-1.886223	0.771675
0.633613	1.886223	0.771675
0.635767	-1.892634	1.037175
0.635767	1.892634	1.037175
0.63808	-1.89952	0.9
0.63808	-1.89952	0.9
0.63808	1.89952	0.9
0.63808	1.89952	0.9
0.63907	-1.228335	2.463
0.63907	1.228335	2.463
0.639758	-0.214905	2.5728
0.639758	0.214905	2.5728
0.639915	1.229959	2.482687
0.639915	-1.229959	2.482687
0.639996	-1.230115	0.0648
0.639996	1.230115	0.0648
0.641628	-1.233252	2.435437
0.641628	1.233252	2.435437
0.643607	-1.237056	2.4945
0.643607	1.237056	2.4945
0.648144	-1.245776	2.4
0.648144	1.245776	2.4
0.649591	-1.248557	2.498438
0.649591	1.248557	2.498438
0.653431	-0.89037	2.5026
0.653431	0.89037	2.5026
0.657311	-1.263395	2.4945
0.657311	1.263395	2.4945
0.664924	-0.110524	2.5728
0.664924	0.110524	2.5728
0.666211	1.280502	2.482687
0.666211	-1.280502	2.482687
0.667656	-0.489984	2.55
0.667656	0.489984	2.55
0.667871	-0.224349	0.0084
0.667871	0.224349	0.0084
0.669128	-1.286108	0.084525
0.669128	1.286108	0.084525
0.6736	0.0	2.5728
0.6736	-0.0	2.5728
0.675736	-1.29881	2.463
0.675736	1.29881	2.463
0.676222	0.676222	0.018225
0.676222	-0.676222	0.018225
0.679207	-0.925493	0.0312
0.679207	0.925493	0.0312
0.685331	-1.317252	2.435437
0.685331	1.317252	2.435437
0.685551	-1.317675	0.1056
0.685551	1.317675	0.1056
0.688984	-0.688984	2.5272
0.688984	0.688984	2.5272
0.692808	1.331623	0.127575
0.692808	-1.331623	0.127575
0.694143	-0.115381	0.0084
0.694143	0.115381	0.0084
0.69444	1.33476	0.15
0.69444	-1.33476	0.15
0.69444	1.33476	2.4
0.69444	-1.33476	0.15
0.69444	1.33476	0.15
0.69444	-1.33476	2.4
0.700921	1.347218	0.177075
0.700921	-1.347218	0.177075
0.7032	0.0	0.0084
0.715555	-0.975021	2.4744
0.715555	0.975021	2.4744
0.718514	1.381032	0.2136
0.718514	-1.381032	0.2136
0.729046	-1.401276	2.242575
0.729046	1.401276	2.242575
0.734118	-0.381942	2.55
0.734118	0.381942	2.55
0.74444	1.430863	0.260025
0.74444	-1.430863	0.260025
0.75701	1.031508	2.4408
0.75701	-1.031508	2.4408
0.762816	-1.039419	0.046875
0.762816	1.039419	0.046875
0.762958	-1.466456	2.0856
0.762958	1.466456	2.0856
0.770779	0.565664	0.018225
0.770779	-0.565664	0.018225
0.772096	-1.052064	2.4
0.772096	1.052064	2.4
0.775921	-1.491372	0.3168
0.775921	1.491372	0.3168
0.781142	-0.781142	2.5026
0.781142	0.781142	2.5026
0.783552	-0.263208	2.55
0.783552	0.263208	2.55
0.785325	-0.57634	2.5272
0.785325	0.57634	2.5272
0.795481	1.528968	1.929525
0.795481	-1.528968	1.929525
0.81018	1.55722	0.384375
0.81018	-1.55722	0.384375
0.811956	0.811956	0.0312
0.811956	-0.811956	0.0312
0.814374	-0.135366	2.55
0.814374	0.135366	2.55
0.819847	-1.11713	2.463
0.819847	1.11713	2.463
0.820931	1.118607	2.482687
0.820931	-1.118607	2.482687
0.821035	1.118749	0.0648
0.821035	-1.118749	0.0648
0.823129	-1.121601	2.435437
0.823129	1.121601	2.435437
0.825	0.0	2.55
0.825	0.0	2.55
0.825668	-1.125061	2.4945
0.825668	1.125061	2.4945
0.825921	1.587475	1.7748
0.825921	-1.587475	1.7748
0.831488	-1.132992	2.4
0.831488	1.132992	2.4
0.833344	-1.135521	2.498438
0.833344	1.135521	2.498438
0.843248	-1.149016	2.4945
0.843248	1.149016	2.4945
0.844439	1.623068	0.4632
0.844439	-1.623068	0.4632
0.847506	-0.440935	0.018225
0.847506	0.440935	0.018225
0.853583	-1.640643	1.621875
0.853583	1.640643	1.621875
0.854666	-1.164574	2.482687
0.854666	1.164574	2.482687
0.855408	-0.855408	2.4744
0.855408	0.855408	2.4744
0.858407	-1.169673	0.084525
0.858407	1.169673	0.084525
0.863501	-0.449256	2.5272
0.863501	0.449256	2.5272
0.866886	-1.181225	2.463
0.866886	1.181225	2.463
0.87592	-1.683577	0.553725
0.87592	1.683577	0.553725
0.877772	-1.687137	1.4712
0.877772	1.687137	1.4712
0.879195	-1.197997	2.435437
0.879195	1.197997	2.435437
0.879477	-1.198382	0.1056
0.879477	1.198382	0.1056
0.888786	1.211067	0.127575
0.888786	-1.211067	0.127575
0.89037	-0.653431	2.5026
0.89037	0.653431	2.5026
0.89088	-1.21392	0.15
0.89088	1.21392	0.15
0.89088	-1.21392	2.4
0.89088	-1.21392	0.15
0.89088	1.21392	0.15
0.89088	1.21392	2.4
0.897795	-1.725622	1.323225
0.897795	1.725622	1.323225
0.899195	1.22525	0.177075
0.899195	-1.22525	0.177075
0.901846	-1.733408	0.6564
0.901846	1.733408	0.6564
0.904575	0.303862	0.018225
0.904575	-0.303862	0.018225
0.904966	0.904966	2.4408
0.904966	-0.904966	2.4408
0.911906	-0.911906	0.046875
0.911906	0.911906	0.046875
0.912957	-1.754764	1.1784
0.912957	1.754764	1.1784
0.919439	-1.767222	0.771675
0.919439	1.767222	0.771675
0.921647	-0.309596	2.5272
0.921647	0.309596	2.5272
0.921764	1.256003	0.2136
0.921764	-1.256003	0.2136
0.922564	1.773229	1.037175
0.922564	-1.773229	1.037175
0.923	-0.923	2.4
0.923	0.923	2.4
0.925493	0.679207	0.0312
0.925493	-0.679207	0.0312
0.92592	1.77968	0.9
0.92592	-1.77968	0.9
0.92592	-1.77968	0.9
0.92592	1.77968	0.9
0.935276	-1.274414	2.242575
0.935276	1.274414	2.242575
0.940158	0.156274	0.018225
0.940158	-0.156274	0.018225
0.952425	0.0	0.018225
0.952425	0.0	0.018225
0.955023	1.301322	0.260025
0.955023	-1.301322	0.260025
0.957901	-0.159223	2.5272
0.957901	0.159223	2.5272
0.9704	0.0	2.5272
0.9704	-0.0	2.5272
0.975021	-0.715555	2.4744
0.975021	0.715555	2.4744
0.97878	-1.333693	2.0856
0.97878	1.333693	2.0856
0.979002	0.509349	2.5026
0.979002	-0.509349	2.5026
0.980084	-0.980084	2.463
0.980084	0.980084	2.463
0.98138	-0.98138	2.482687
0.98138	0.98138	2.482687
0.981504	0.981504	0.0648
0.981504	-0.981504	0.0648
0.984007	-0.984007	2.435437
0.984007	0.984007	2.435437
0.987042	-0.987042	2.4945
0.987042	0.987042	2.4945
0.994	-0.994	2.4
0.994	0.994	2.4
0.99541	-1.356353	0.3168
0.99541	1.356353	0.3168
0.996219	-0.996219	2.498438
0.996219	0.996219	2.498438
1.008058	-1.008058	2.4945
1.008058	1.008058	2.4945
1.017621	0.529441	0.0312
1.017621	-0.529441	0.0312
1.020503	-1.390545	1.929525
1.020503	1.390545	1.929525
1.021708	-1.021708	2.482687
1.021708	1.021708	2.482687
1.026181	-1.026181	0.084525
1.026181	1.026181	0.084525
1.031508	0.75701	2.4408
1.031508	-0.75701	2.4408
1.036316	-1.036316	2.463
1.036316	1.036316	2.463
1.03936	-1.41624	0.384375
1.03936	1.41624	0.384375
1.039419	-0.762816	0.046875
1.039419	0.762816	0.046875
1.044926	-0.351008	2.5026
1.044926	0.351008	2.5026
1.051031	-1.051031	2.435437
1.051031	1.051031	2.435437
1.051368	-1.051368	0.1056
1.051368	1.051368	0.1056
1.052064	-0.772096	2.4
1.052064	0.772096	2.4
1.059553	-1.443756	1.7748
1.059553	1.443756	1.7748
1.062497	1.062497	0.127575
1.062497	-1.062497	0.127575
1.065	-1.065	0.15
1.065	1.065	0.15
1.065	-1.065	2.4
1.065	1.065	2.4
1.072079	-0.557774	2.4744
1.072079	0.557774	2.4744
1.07494	-1.07494	0.177075
1.07494	1.07494	0.177075
1.08331	-1.476127	0.4632
1.08331	1.476127	0.4632
1.086029	0.180521	2.5026
1.086029	-0.180521	2.5026
1.086146	0.364854	0.0312
1.086146	-0.364854	0.0312
1.09504	-1.49211	1.621875
1.09504	1.49211	1.621875
1.1002	-0.0	2.5026
1.1002	0.0	2.5026
1.10192	1.10192	0.2136
1.10192	-1.10192	0.2136
1.11713	-0.819847	2.463
1.11713	0.819847	2.463
1.118073	-1.118073	2.242575
1.118073	1.118073	2.242575
1.118607	-0.820931	2.482687
1.118607	0.820931	2.482687
1.118749	-0.821035	0.0648
1.118749	0.821035	0.0648
1.121601	-0.823129	2.435437
1.121601	0.823129	2.435437
1.123697	-1.531158	0.553725
1.123697	1.531158	0.553725
1.125061	-0.825668	2.4945
1.125061	0.825668	2.4945
1.126072	-1.534395	1.4712
1.126072	1.534395	1.4712
1.12887	-0.187642	0.0312
1.12887	0.187642	0.0312
1.132992	-0.831488	2.4
1.132992	0.831488	2.4
1.13419	0.590089	2.4408
1.13419	-0.590089	2.4408
1.135521	-0.833344	2.498438
1.135521	0.833344	2.498438
1.14168	1.14168	0.260025
1.14168	-1.14168	0.260025
1.142888	-0.594614	0.046875
1.142888	0.594614	0.046875
1.1436	0.0	0.0312
1.1436	0.0	0.0312
1.144271	-0.384379	2.4744
1.144271	0.384379	2.4744
1.149016	-0.843248	2.4945
1.149016	0.843248	2.4945
1.151759	-1.569396	1.323225
1.151759	1.569396	1.323225
1.156792	-0.601848	2.4
1.156792	0.601848	2.4
1.156956	-1.576477	0.6564
1.156956	1.576477	0.6564
1.164574	-0.854666	2.482687
1.164574	0.854666	2.482687
1.169673	-0.858407	0.084525
1.169673	0.858407	0.084525
1.17008	-1.17008	2.0856
1.17008	1.17008	2.0856
1.17121	-1.5959	1.1784
1.17121	1.5959	1.1784
1.179525	-1.60723	0.771675
1.179525	1.60723	0.771675
1.181225	-0.866886	2.463
1.181225	0.866886	2.463
1.183534	-1.612693	1.037175
1.183534	1.612693	1.037175
1.18784	-1.61856	0.9
1.18784	-1.61856	0.9
1.18784	1.61856	0.9
1.18784	1.61856	0.9
1.189282	-0.197684	2.4744
1.189282	0.197684	2.4744
1.18996	-1.18996	0.3168
1.18996	1.18996	0.3168
1.197997	-0.879195	2.435437
1.197997	0.879195	2.435437
1.198382	-0.879477	0.1056
1.198382	0.879477	0.1056
1.2048	0.0	2.4744
1.2048	-0.0	2.4744
1.210564	0.406648	2.4408
1.210564	-0.406648	2.4408
1.211067	0.888786	0.127575
1.211067	-0.888786	0.127575
1.21392	-0.89088	0.15
1.21392	-0.89088	0.15
1.21392	0.89088	0.15
1.21392	0.89088	0.15
1.21392	-0.89088	2.4
1.21392	0.89088	2.4
1.219848	-0.409767	0.046875
1.219848	0.409767	0.046875
1.219958	1.219958	1.929525
1.219958	-1.219958	1.929525
1.22525	0.899195	0.177075
1.22525	-0.899195	0.177075
1.228335	-0.63907	2.463
1.228335	0.63907	2.463
1.229959	-0.639915	2.482687
1.229959	0.639915	2.482687
1.230115	-0.639996	0.0648
1.230115	0.639996	0.0648
1.233252	-0.641628	2.435437
1.233252	0.641628	2.435437
1.234688	-0.414752	2.4
1.234688	0.414752	2.4
1.237056	-0.643607	2.4945
1.237056	0.643607	2.4945
1.2425	-1.2425	0.384375
1.2425	1.2425	0.384375
1.245776	-0.648144	2.4
1.245776	0.648144	2.4
1.248557	-0.649591	2.498438
1.248557	0.649591	2.498438
1.256003	0.921764	0.2136
1.256003	-0.921764	0.2136
1.258183	0.209136	2.4408
1.258183	-0.209136	2.4408
1.263395	-0.657311	2.4945
1.263395	0.657311	2.4945
1.26664	-1.26664	1.7748
1.26664	1.26664	1.7748
1.267832	-0.21074	0.046875
1.267832	0.21074	0.046875
1.274414	-0.935276	2.242575
1.274414	0.935276	2.242575
1.2746	0.0	2.4408
1.2746	0.0	2.4408
1.280502	-0.666211	2.482687
1.280502	0.666211	2.482687
1.283256	-0.213304	2.4
1.283256	0.213304	2.4
1.284375	0.0	0.046875
1.284375	-0.0	0.046875
1.286108	-0.669128	0.084525
1.286108	0.669128	0.084525
1.29504	-1.29504	0.4632
1.29504	1.29504	0.4632
1.29881	-0.675736	2.463
1.29881	0.675736	2.463
1.3	0.0	2.4
1.3	-0.0	2.4
1.301322	0.955023	0.260025
1.301322	-0.955023	0.260025
1.309063	-1.309063	1.621875
1.309063	1.309063	1.621875
1.311049	-0.440403	2.463
1.311049	0.440403	2.463
1.312782	-0.440985	2.482687
1.312782	0.440985	2.482687
1.312948	0.441041	0.0648
1.312948	-0.441041	0.0648
1.316296	-0.442166	2.435437
1.316296	0.442166	2.435437
1.317252	-0.685331	2.435437
1.317252	0.685331	2.435437
1.317675	-0.685551	0.1056
1.317675	0.685551	0.1056
1.320356	-0.443529	2.4945
1.320356	0.443529	2.4945
1.329664	-0.446656	2.4
1.329664	0.446656	2.4
1.331623	0.692808	0.127575
1.331623	-0.692808	0.127575
1.332632	-0.447653	2.498438
1.332632	0.447653	2.498438
1.333693	-0.97878	2.0856
1.333693	0.97878	2.0856
1.33476	0.69444	0.15
1.33476	-0.69444	0.15
1.33476	-0.69444	0.15
1.33476	0.69444	0.15
1.33476	-0.69444	2.4
1.33476	0.69444	2.4
1.34332	-1.34332	0.553725
1.34332	1.34332	0.553725
1.34616	-1.34616	1.4712
1.34616	1.34616	1.4712
1.347218	0.700921	0.177075
1.347218	-0.700921	0.177075
1.348469	-0.452973	2.4945
1.348469	0.452973	2.4945
1.356353	-0.99541	0.3168
1.356353	0.99541	0.3168
1.36262	-0.226496	2.463
1.36262	0.226496	2.463
1.364422	-0.226795	2.482687
1.364422	0.226795	2.482687
1.364595	-0.226824	0.0648
1.364595	0.226824	0.0648
1.366728	-0.459107	2.482687
1.366728	0.459107	2.482687
1.368074	-0.227403	2.435437
1.368074	0.227403	2.435437
1.372294	-0.228104	2.4945
1.372294	0.228104	2.4945
1.372712	-0.461116	0.084525
1.372712	0.461116	0.084525
1.376867	-1.376868	1.323225
1.376868	1.376867	1.323225
1.3804	0.0	2.463
1.3804	-0.0	2.463
1.381032	0.718514	0.2136
1.381032	-0.718514	0.2136
1.381968	-0.229712	2.4
1.381968	0.229712	2.4
1.382225	0.0	2.482687
1.382225	0.0	2.482687
1.3824	0.0	0.0648
1.3824	0.0	0.0648
1.38308	-1.38308	0.6564
1.38308	1.38308	0.6564
1.385053	-0.230225	2.498438
1.385053	0.230225	2.498438
1.385925	0.0	2.435437
1.385925	-0.0	2.435437
1.38627	-0.465671	2.463
1.38627	0.465671	2.463
1.3902	0.0	2.4945
1.3902	-0.0	2.4945
1.390545	-1.020503	1.929525
1.390545	1.020503	1.929525
1.4	0.0	2.4
1.4	0.0	2.4
1.40012	-1.40012	1.1784
1.40012	1.40012	1.1784
1.401276	-0.729046	2.242575
1.401276	0.729046	2.242575
1.401513	-0.232961	2.4945
1.401513	0.232961	2.4945
1.403125	0.0	2.498438
1.403125	0.0	2.498438
1.405953	-0.472283	2.435437
1.405953	0.472283	2.435437
1.406405	-0.472434	0.1056
1.406405	0.472434	0.1056
1.41006	-1.41006	0.771675
1.41006	1.41006	0.771675
1.414853	-1.414853	1.037175
1.414853	1.414853	1.037175
1.41624	-1.03936	0.384375
1.41624	1.03936	0.384375
1.4198	0.0	2.4945
1.4198	-0.0	2.4945
1.42	-1.42	0.9
1.42	-1.42	0.9
1.42	1.42	0.9
1.42	1.42	0.9
1.42049	-0.236115	2.482687
1.42049	0.236115	2.482687
1.421292	0.477435	0.127575
1.421292	-0.477435	0.127575
1.42464	-0.47856	0.15
1.42464	-0.47856	0.15
1.42464	0.47856	0.15
1.42464	0.47856	0.15
1.42464	-0.47856	2.4
1.42464	0.47856	2.4
1.426709	-0.237149	0.084525
1.426709	0.237149	0.084525
1.430863	0.74444	0.260025
1.430863	-0.74444	0.260025
1.437937	0.483027	0.177075
1.437937	-0.483027	0.177075
1.439025	0.0	2.482687
1.4408	-0.239491	2.463
1.4408	0.239491	2.463
1.443756	-1.059553	1.7748
1.443756	1.059553	1.7748
1.445325	0.0	0.084525
1.445325	0.0	0.084525
1.4596	0.0	2.463
1.4596	-0.0	2.463
1.461258	-0.242892	2.435437
1.461258	0.242892	2.435437
1.461727	-0.24297	0.1056
1.461727	0.24297	0.1056
1.466456	-0.762958	2.0856
1.466456	0.762958	2.0856
1.474028	0.49515	0.2136
1.474028	-0.49515	0.2136
1.476127	-1.08331	0.4632
1.476127	1.08331	0.4632
1.4772	0.245542	0.127575
1.4772	-0.245542	0.127575
1.480325	0.0	2.435437
1.480325	-0.0	2.435437
1.48068	-0.24612	0.15
1.48068	0.24612	0.15
1.48068	0.24612	0.15
1.48068	-0.24612	0.15
1.48068	-0.24612	2.4
1.48068	0.24612	2.4
1.4808	0.0	0.1056
1.4808	0.0	0.1056
1.491372	-0.775921	0.3168
1.491372	0.775921	0.3168
1.49211	-1.09504	1.621875
1.49211	1.09504	1.621875
1.4945	0.248417	0.177075
1.4945	-0.248417	0.177075
1.495635	-0.502408	2.242575
1.495635	0.502408	2.242575
1.496475	0.0	0.127575
1.496475	0.0	0.127575
1.5	0.0	0.15
1.5	0.0	0.15
1.5	0.0	2.4
1.5	0.0	2.4
1.514	-0.0	0.177075
1.514	0.0	0.177075
1.527214	-0.513016	0.260025
1.527214	0.513016	0.260025
1.528968	-0.795481	1.929525
1.528968	0.795481	1.929525
1.531158	-1.123697	0.553725
1.531158	1.123697	0.553725
1.53201	0.254652	0.2136
1.53201	-0.254652	0.2136
1.534395	-1.126072	1.4712
1.534395	1.126072	1.4712
1.552	0.0	0.2136
1.552	0.0	0.2136
1.554467	-0.258385	2.242575
1.554467	0.258385	2.242575
1.55722	-0.81018	0.384375
1.55722	0.81018	0.384375
1.565204	-0.525778	2.0856
1.565204	0.525778	2.0856
1.569396	-1.151759	1.323225
1.569396	1.151759	1.323225
1.57475	0.0	2.242575
1.57475	0.0	2.242575
1.576477	-1.156956	0.6564
1.576477	1.156956	0.6564
1.587289	0.263841	0.260025
1.587289	-0.263841	0.260025
1.587475	-0.825921	1.7748
1.587475	0.825921	1.7748
1.591798	-0.534711	0.3168
1.591798	0.534711	0.3168
1.5959	-1.17121	1.1784
1.5959	1.17121	1.1784
1.60723	-1.179525	0.771675
1.60723	1.179525	0.771675
1.608	0.0	0.260025
1.608	0.0	0.260025
1.612693	-1.183534	1.037175
1.612693	1.183534	1.037175
1.61856	-1.18784	0.9
1.61856	-1.18784	0.9
1.61856	1.18784	0.9
1.61856	1.18784	0.9
1.623068	-0.844439	0.4632
1.623068	0.844439	0.4632
1.626774	-0.270404	2.0856
1.626774	0.270404	2.0856
1.631925	-0.54819	1.929525
1.631925	0.54819	1.929525
1.640643	-0.853583	1.621875
1.640643	0.853583	1.621875
1.648	0.0	2.0856
1.648	-0.0	2.0856
1.654413	-0.274998	0.3168
1.654413	0.274998	0.3168
1.66208	-0.55832	0.384375
1.66208	0.55832	0.384375
1.676	0.0	0.3168
1.676	0.0	0.3168
1.683577	-0.87592	0.553725
1.683577	0.87592	0.553725
1.687137	-0.877772	1.4712
1.687137	0.877772	1.4712
1.694372	-0.569167	1.7748
1.694372	0.569167	1.7748
1.696119	-0.28193	1.929525
1.696119	0.28193	1.929525
1.7	0.0	0.6
1.7	0.0	0.6
1.7	0.1782	0.6231
1.7	-0.1782	0.6231
1.7	-0.3168	0.6858
1.7	0.3168	0.6858
1.7	0.4158	0.7782
1.7	-0.4158	0.7782
1.7	-0.4752	0.8904
1.7	0.4752	0.8904
1.7	-0.495	1.0125
1.7	0.495	1.0125
1.7	-0.4752	1.1346
1.7	0.4752	1.1346
1.7	0.4158	1.2468
1.7	-0.4158	1.2468
1.7	-0.3168	1.3392
1.7	0.3168	1.3392
1.7	0.1782	1.4019
1.7	-0.1782	1.4019
1.7	0.0	1.425
1.7	0.0	1.425
1.71825	0.0	1.929525
1.71825	0.0	1.929525
1.725622	-0.897795	1.323225
1.725622	0.897795	1.323225
1.72746	-0.28714	0.384375
1.72746	0.28714	0.384375
1.732362	-0.581929	0.4632
1.732362	0.581929	0.4632
1.733408	-0.901846	0.6564
1.733408	0.901846	0.6564
1.75	0.0	0.384375
1.75	0.0	0.384375
1.75112	-0.58823	1.621875
1.75112	0.58823	1.621875
1.754764	-0.912957	1.1784
1.754764	0.912957	1.1784
1.761022	-0.292719	1.7748
1.761022	0.292719	1.7748
1.767222	-0.919439	0.771675
1.767222	0.919439	0.771675
1.773229	-0.922564	1.037175
1.773229	0.922564	1.037175
1.77968	-0.92592	0.9
1.77968	-0.92592	0.9
1.77968	0.92592	0.9
1.77968	0.92592	0.9
1.784	0.0	1.7748
1.784	0.0	1.7748
1.796946	-0.603624	0.553725
1.796946	0.603624	0.553725
1.800507	-0.299282	0.4632
1.800507	0.299282	0.4632
1.800745	-0.6049	1.4712
1.800745	0.6049	1.4712
1.820003	-0.302523	1.621875
1.820003	0.302522	1.621875
1.824	0.0	0.4632
1.824	0.0	0.4632
1.841822	-0.618698	1.323225
1.841822	0.618698	1.323225
1.84375	0.0	1.621875
1.84375	-0.0	1.621875
1.850132	-0.62149	0.6564
1.850132	0.62149	0.6564
1.867631	-0.310439	0.553725
1.867631	0.310439	0.553725
1.87158	-0.311096	1.4712
1.87158	0.311096	1.4712
1.872927	-0.629147	1.1784
1.872927	0.629147	1.1784
1.886223	-0.633613	0.771675
1.886223	0.633613	0.771675
1.892	0.0	0.553725
1.892	-0.0	0.553725
1.892634	-0.635767	1.037175
1.892634	0.635767	1.037175
1.896	0.0	1.4712
1.896	0.0	1.4712
1.89952	-0.63808	0.9
1.89952	-0.63808	0.9
1.89952	0.63808	0.9
1.89952	0.63808	0.9
1.914272	-0.318192	1.323225
1.914272	0.318192	1.323225
1.92291	-0.319628	0.6564
1.92291	0.319628	0.6564
1.9359	0.0	1.4442
1.9359	0.0	1.4442
1.93925	0.0	1.323225
1.93925	-0.0	1.323225
1.939394	-0.1751	1.423221
1.939394	0.1751	1.423221
1.946601	-0.323566	1.1784
1.946601	0.323566	1.1784
1.948	0.0	0.6564
1.948	-0.0	0.6564
1.948879	-0.31129	1.366278
1.948879	0.31129	1.366278
1.96042	-0.325863	0.771675
1.96042	0.325863	0.771675
1.962857	-0.408568	1.282362
1.962857	0.408568	1.282362
1.967083	-0.32697	1.037175
1.967083	0.32697	1.037175
1.972	0.0	1.1784
1.972	0.0	1.1784
1.97424	-0.32816	0.9
1.97424	0.32816	0.9
1.97424	0.32816	0.9
1.97983	-0.466934	1.180464
1.97983	0.466934	1.180464
1.986	0.0	0.771675
1.986	-0.0	0.771675
1.99275	0.0	1.037175
1.99275	0.0	1.037175
1.9983	-0.48639	1.069575
1.9983	0.48639	1.069575
2.0	0.0	0.9
2.0	0.0	0.9
2.01677	-0.466934	0.958686
2.01677	0.466934	0.958686
2.033743	-0.408568	0.856788
2.033743	0.408568	0.856788
2.047721	0.31129	0.772872
2.047721	-0.31129	0.772872
2.057206	0.1751	0.715929
2.057206	-0.1751	0.715929
2.0607	0.0	0.69495
2.0607	0.0	0.69495
2.1112	0.0	1.4976
2.1112	0.0	1.4976
2.116979	-0.166687	1.47912
2.116979	0.166687	1.47912
2.132666	-0.296333	1.42896
2.132666	0.296333	1.42896
2.155782	-0.388937	1.35504
2.155782	0.388937	1.35504
2.183853	-0.444499	1.26528
2.183853	0.444499	1.26528
2.2144	-0.46302	1.1676
2.2144	0.46302	1.1676
2.2373	0.0	1.5789
2.2373	0.0	1.5789
2.244457	-0.154289	1.563171
2.244457	0.154289	1.563171
2.244947	-0.444499	1.06992
2.244947	0.444499	1.06992
2.263882	-0.274291	1.520478
2.263882	0.274291	1.520478
2.273018	-0.388937	0.98016
2.273018	0.388937	0.98016
2.29251	-0.360007	1.457562
2.29251	0.360007	1.457562
2.296134	-0.296333	0.90624
2.296134	0.296333	0.90624
2.311821	-0.166687	0.85608
2.311821	0.166687	0.85608
2.3176	0.0	0.8376
2.3176	0.0	0.8376
2.3256	0.0	1.6818
2.3256	0.0	1.6818
2.327271	-0.411437	1.381164
2.327271	0.411437	1.381164
2.33353	-0.139234	1.668948
2.33353	0.139234	1.668948
2.355053	-0.247526	1.634064
2.355053	0.247526	1.634064
2.3651	-0.42858	1.298025
2.3651	0.42858	1.298025
2.386771	-0.324878	1.582656
2.386771	0.324878	1.582656
2.3875	0.0	1.8
2.3875	0.0	1.8
2.3959	0.12285	1.790025
2.3959	-0.12285	1.790025
2.402929	-0.411437	1.214886
2.402929	0.411437	1.214886
2.4187	-0.2184	1.76295
2.4187	0.2184	1.76295
2.425286	-0.37129	1.520232
2.425286	0.37129	1.520232
2.4344	0.0	1.9272
2.4344	0.0	1.9272
2.43769	-0.360007	1.138488
2.43769	0.360007	1.138488
2.44327	0.106466	1.919976
2.44327	-0.106466	1.919976
2.4523	-0.28665	1.72305
2.4523	0.28665	1.72305
2.466318	-0.274291	1.075572
2.466318	0.274291	1.075572
2.4672	-0.38676	1.4523
2.4672	0.38676	1.4523
2.467347	0.189274	1.900368
2.467347	-0.189274	1.900368
2.4777	0.0	2.0571
2.4777	0.0	2.0571
2.485743	-0.154289	1.032879
2.485743	0.154289	1.032879
2.487343	-0.091411	2.052375
2.487343	0.091411	2.052375
2.4929	0.0	1.01715
2.4929	0.0	1.01715
2.4931	-0.3276	1.6746
2.4931	0.3276	1.6746
2.502829	0.248422	1.871472
2.502829	-0.248422	1.871472
2.509114	-0.37129	1.384368
2.509114	0.37129	1.384368
2.513518	0.162509	2.03955
2.513518	-0.162509	2.03955
2.5288	0.0	2.1834
2.5375	-0.34125	1.621875
2.5375	0.34125	1.621875
2.539821	-0.079013	2.180796
2.539821	0.079013	2.180796
2.545914	-0.28391	1.836384
2.545914	0.28391	1.836384
2.547629	-0.324878	1.321944
2.547629	0.324878	1.321944
2.55209	-0.213293	2.02065
2.55209	0.213293	2.02065
2.569734	-0.140467	2.173728
2.569734	0.140467	2.173728
2.579347	-0.247526	1.270536
2.579347	0.247526	1.270536
2.5819	-0.3276	1.56915
2.5819	0.3276	1.56915
2.5928	-0.29574	1.7982
2.5928	0.29574	1.7982
2.598929	-0.243763	1.9977
2.598929	0.243763	1.9977
2.5991	0.0	2.2998
2.5991	0.0	2.2998
2.60087	-0.139234	1.235652
2.60087	0.139234	1.235652
2.6088	0.0	1.2228
2.6088	0.0	1.2228
2.612406	0.0706	2.298813
2.612406	-0.0706	2.298813
2.613818	-0.184363	2.163312
2.613818	0.184363	2.163312
2.6227	-0.28665	1.5207
2.6227	0.28665	1.5207
2.639686	-0.28391	1.760016
2.639686	0.28391	1.760016
2.648521	0.12551	2.296134
2.648521	-0.12551	2.296134
2.6499	0.25392	1.972725
2.6499	-0.25392	1.972725
2.6563	-0.2184	1.4808
2.6563	0.2184	1.4808
2.667347	-0.210701	2.150664
2.667347	0.210701	2.150664
2.6791	0.12285	1.453725
2.6791	-0.12285	1.453725
2.682771	0.248422	1.724928
2.682771	-0.248422	1.724928
2.6875	0.0	1.44375
2.6875	0.0	1.44375
2.7	0.0	2.4
2.7	0.0	2.4
2.7	0.0	2.4
2.700871	-0.243763	1.94775
2.700871	0.243763	1.94775
2.701743	0.164732	2.292186
2.701743	-0.164732	2.292186
2.7168	0.0675	2.4
2.7168	-0.0675	2.4
2.7168	-0.0675	2.4
2.7168	0.0675	2.4
2.718253	0.189274	1.696032
2.718253	-0.189274	1.696032
2.7256	-0.21948	2.1369
2.7256	0.21948	2.1369
2.7298	0.0	2.42025
2.74233	0.106466	1.676424
2.74233	-0.106466	1.676424
2.747407	-0.066744	2.420406
2.747407	0.066744	2.420406
2.74771	-0.213293	1.9248
2.74771	0.213293	1.9248
2.7512	0.0	1.6692
2.7512	0.0	1.6692
2.7584	0.0	2.436
2.7624	0.12	2.4
2.7624	-0.12	2.4
2.7624	-0.12	2.4
2.7624	0.12	2.4
2.76637	0.188266	2.287392
2.76637	-0.188266	2.287392
2.776365	-0.064692	2.436302
2.776365	0.064692	2.436302
2.783853	-0.210701	2.123136
2.783853	0.210701	2.123136
2.7846	0.0	2.44725
2.7846	0.0	2.44725
2.786282	0.162509	1.9059
2.786282	-0.162509	1.9059
2.795198	-0.118656	2.420829
2.795198	0.118656	2.420829
2.8	0.0	2.4
2.802528	-0.061668	2.44768
2.802528	0.061668	2.44768
2.8072	0.0	2.454
2.8112	-0.0405	2.4
2.8112	0.0405	2.4
2.812457	0.091411	1.893075
2.812457	-0.091411	1.893075
2.8221	0.0	1.88835
2.8221	0.0	1.88835
2.8242	0.0	2.42025
2.8242	0.0	2.42025
2.82475	-0.057996	2.454529
2.82475	0.057996	2.454529
2.825	0.0	2.45625
2.825	0.0	2.45625
2.825126	-0.115008	2.437123
2.825126	0.115008	2.437123
2.8296	0.1575	2.4
2.8296	-0.1575	2.4
2.8296	-0.1575	2.4
2.8296	0.1575	2.4
2.836672	-0.041256	2.420519
2.836672	0.041256	2.420519
2.8367	0.19611	2.282175
2.8367	-0.19611	2.282175
2.8368	0.0	2.454
2.8368	0.0	2.454
2.837382	-0.184363	2.110488
2.837382	0.184363	2.110488
2.8376	0.0	2.436
2.8376	0.0	2.436
2.8414	0.0	2.44725
2.8414	0.0	2.44725
2.8416	-0.072	2.4
2.8416	0.072	2.4
2.841887	-0.054	2.456841
2.841887	0.054	2.456841
2.851189	-0.109632	2.448847
2.851189	0.109632	2.448847
2.851331	-0.043308	2.436454
2.851331	0.043308	2.436454
2.852794	-0.050004	2.454605
2.852794	0.050004	2.454605
2.856323	-0.046332	2.447812
2.856323	0.046332	2.447812
2.865626	-0.155736	2.421453
2.865626	0.155736	2.421453
2.870524	-0.073344	2.42125
2.870524	0.073344	2.42125
2.872387	-0.103104	2.455966
2.872387	0.103104	2.455966
2.881466	-0.140467	2.100072
2.881466	0.140467	2.100072
2.8864	-0.0945	2.4
2.8864	0.0945	2.4
2.887725	-0.096	2.458444
2.887725	0.096	2.458444
2.888602	-0.076992	2.437685
2.888602	0.076992	2.437685
2.896205	0.088896	2.456246
2.896205	-0.088896	2.456246
2.896829	-0.082368	2.449338
2.896829	0.082368	2.449338
2.896986	-0.150948	2.438333
2.896986	0.150948	2.438333
2.90703	0.188266	2.276958
2.90703	-0.188266	2.276958
2.9112	-0.18	2.4
2.9112	-0.18	2.4
2.9112	0.18	2.4
2.911379	-0.079013	2.093004
2.911379	0.079013	2.093004
2.920412	-0.096264	2.422328
2.920412	0.096264	2.422328
2.9224	0.0	2.0904
2.922899	-0.143892	2.450567
2.922899	0.143892	2.450567
2.9408	-0.108	2.4
2.9408	0.108	2.4
2.942589	-0.135324	2.458082
2.942589	0.135324	2.458082
2.943526	-0.101052	2.439499
2.943526	0.101052	2.439499
2.951146	-0.177984	2.42221
2.951146	0.177984	2.42221
2.955275	-0.126	2.460806
2.955275	0.126	2.460806
2.956523	-0.108108	2.451588
2.956523	0.108108	2.451588
2.960179	-0.116676	2.458666
2.960179	0.116676	2.458666
2.971657	0.164732	2.272164
2.971657	-0.164732	2.272164
2.98099	0.110016	2.423636
2.98099	-0.110016	2.423636
2.984243	-0.172512	2.439802
2.984243	0.172512	2.439802
3.0	-0.1875	2.4
3.0	-0.1875	2.4
3.0	-0.1125	2.4
3.0	0.1125	2.4
3.0	0.1875	2.4
3.009977	-0.164448	2.452655
3.009977	0.164448	2.452655
3.010221	-0.115488	2.441702
3.010221	0.115488	2.441702
3.024879	0.12551	2.268216
3.024879	-0.12551	2.268216
3.027834	-0.154656	2.460653
3.027834	0.154656	2.460653
3.029007	-0.123552	2.454319
3.029007	0.123552	2.454319
3.0373	-0.144	2.463675
3.0373	0.144	2.463675
3.037862	0.133344	2.461603
3.037862	-0.133344	2.461603
3.044212	-0.1854	2.423034
3.044212	0.1854	2.423034
3.046912	0.1146	2.425059
3.046912	-0.1146	2.425059
3.0592	-0.108	2.4
3.0592	0.108	2.4
3.060994	0.0706	2.265537
3.060994	-0.0706	2.265537
3.0743	0.0	2.26455
3.0743	0.0	2.26455
3.0792	-0.1797	2.4414
3.0792	0.1797	2.4414
3.0828	-0.1203	2.4441
3.0828	0.1203	2.4441
3.0888	-0.18	2.4
3.0888	-0.18	2.4
3.0888	0.18	2.4
3.104737	-0.1713	2.454928
3.104738	0.1713	2.454928
3.107887	-0.1287	2.457291
3.107887	0.1287	2.457291
3.112835	0.110016	2.426483
3.112835	-0.110016	2.426483
3.1136	-0.0945	2.4
3.1136	0.0945	2.4
3.1206	0.1611	2.46345
3.1206	-0.1611	2.46345
3.1224	0.1389	2.4648
3.1224	-0.1389	2.4648
3.126562	-0.15	2.466797
3.126562	0.15	2.466797
3.137279	-0.177984	2.423859
3.137279	0.177984	2.423859
3.155379	-0.115488	2.446498
3.155379	0.115488	2.446498
3.1584	-0.072	2.4
3.1584	0.072	2.4
3.1704	-0.1575	2.4
3.1704	0.1575	2.4
3.1704	-0.1575	2.4
3.173413	-0.096264	2.427791
3.173413	0.096264	2.427791
3.174157	-0.172512	2.442998
3.174157	0.172512	2.442998
3.186768	-0.123552	2.460263
3.186768	0.123552	2.460263
3.1888	-0.0405	2.4
3.1888	0.0405	2.4
3.199498	-0.164448	2.457201
3.199498	0.164448	2.457201
3.2	0.0	2.4
3.206938	0.133344	2.467997
3.206938	-0.133344	2.467997
3.213366	-0.154656	2.466247
3.213366	0.154656	2.466247
3.215825	-0.144	2.469919
3.215825	0.144	2.469919
3.222074	-0.101052	2.448701
3.222074	0.101052	2.448701
3.222799	-0.155736	2.424616
3.222799	0.155736	2.424616
3.223301	-0.073344	2.428868
3.223301	0.073344	2.428868
3.2376	-0.12	2.4
3.2376	0.12	2.4
3.2376	-0.12	2.4
3.257153	-0.041256	2.429599
3.257153	0.041256	2.429599
3.259252	-0.108108	2.462994
3.259252	0.108108	2.462994
3.261414	-0.150948	2.444467
3.261414	0.150948	2.444467
3.269625	0.0	2.429869
3.269625	0.0	2.429869
3.276998	-0.076992	2.450515
3.276998	0.076992	2.450515
3.2832	-0.0675	2.4
3.2832	0.0675	2.4
3.2832	-0.0675	2.4
3.284621	-0.116676	2.470934
3.284621	0.116676	2.470934
3.286576	-0.143892	2.459289
3.286576	0.143892	2.459289
3.293227	-0.118656	2.42524
3.293227	0.118656	2.42524
3.29785	-0.126	2.472787
3.29785	0.126	2.472788
3.298611	-0.135324	2.468818
3.298611	0.135324	2.468818
3.3	0.0	2.4
3.3	0.0	2.4
3.314269	-0.043308	2.451746
3.314269	0.043308	2.451746
3.318946	-0.082368	2.465243
3.318946	0.082368	2.465243
3.328	0.0	2.4522
3.328	0.0	2.4522
3.333274	-0.115008	2.445677
3.333274	0.115008	2.445677
3.341018	-0.066744	2.425663
3.341018	0.066744	2.425663
3.348595	0.088896	2.473354
3.348595	-0.088896	2.473354
3.358286	-0.109632	2.461009
3.358286	0.109632	2.461009
3.358625	0.0	2.425819
3.359452	-0.046332	2.466769
3.359452	0.046332	2.466769
3.3654	-0.096	2.47515
3.3654	0.096	2.47515
3.368813	-0.103104	2.470934
3.368813	0.103104	2.470934
3.374375	0.0	2.467331
3.374375	0.0	2.467331
3.382035	-0.064692	2.446498
3.382035	0.064692	2.446498
3.392006	-0.050004	2.474995
3.392006	0.050004	2.474995
3.4	0.0	2.4468
3.406947	-0.061668	2.462176
3.406947	0.061668	2.462176
3.408	0.0	2.4756
3.408	0.0	2.4756
3.411237	-0.054	2.476753
3.411237	0.054	2.476753
3.41645	-0.057996	2.472371
3.41645	0.057996	2.472371
3.424875	0.0	2.462606
3.428125	0.0	2.477344
3.428125	0.0	2.477344
3.434	0.0	2.4729
